1.337555
1.447289
1.220076
1.416305
1.374994
1.496346
1.405978
1.671920
1.433088
1.585424
1.424051
1.466654
1.353047
1.466654
1.322064
1.372412
1.278170
1.341428
1.150363
1.292371
1.390486
1.372412
1.278170
1.257515
1.267842
1.435670
1.449871
1.480855
1.447289
1.518293
1.412432
1.492473
1.404687
1.532494
1.447289
1.611244
1.376285
1.305281
1.124543
1.027720
1.066449
1.159400
1.221367
1.263969
1.252351
1.160691
1.080650
1.202002
1.254933
1.417596
1.306572
1.313027
1.345301
1.396941
1.323355
1.629318
1.625445
1.799727
1.630609
1.873313
1.718395
1.881059
1.582842
1.532494
1.347883
1.288498
1.133580
1.093560
1.069031
1.145199
1.177474
1.081941
1.018683
1.128416
1.132289
1.247187
1.319482
1.483437
1.367248
1.484728
1.554441
1.816510
1.910752
2.172821
2.088907
2.163784
2.066961
1.984338
1.683539
1.531203
1.226531
1.127125
1.101306
1.130998
1.118088
1.146490
1.115506
1.103888
1.076777
1.133580
1.267842
1.626736
1.709358
1.983047
1.912043
1.999830
1.736469
1.748088
1.527330
1.417596
1.230404
1.318191
1.285916
1.350465
1.195547
1.098724
1.019974
0.986408
0.930896
1.160691
1.291080
1.440834
1.429215
1.700322
1.652555
1.693867
1.394359
1.359502
1.294953
1.294953
1.125834
1.186511
1.114215
1.216203
1.283334
1.486018
1.386613
1.562186
1.402105
1.597043
1.460199
1.652555
1.431797
1.469236
1.341428
1.426633
1.365957
1.331101
1.276879
1.353047
1.336264
1.293662
0.917986
1.369830
1.616408
1.524748
1.559605
1.591879
1.442125
1.458908
1.469236
1.439543
1.479564
1.549277
1.420178
1.282043
1.338846
1.324646
1.302699
1.211039
1.265260
1.145199
1.160691
1.181347
1.105179
1.183929
1.258806
1.329810
1.310445
1.199420
1.298826
1.253642
1.309154
1.261388
1.399523
1.493764
1.547986
1.573805
1.501510
1.560895
1.495055
1.449871
1.318191
1.227822
1.329810
1.323355
1.476982
1.377576
1.506674
1.331101
1.385322
1.293662
1.393068
1.522166
1.581551
1.500219
1.425342
1.399523
1.364666
0.795343
1.300117
1.279461
1.217494
1.150363
1.200711
1.111634
1.203293
1.081941
1.245896
0.942515
1.276879
1.278170
1.391777
1.316900
1.260097
1.226531
1.186511
1.057412
0.994154
0.938642
0.945097
0.969625
1.019974
0.799216
1.200711
1.236859
1.431797
1.757125
1.799727
1.812637
2.109563
2.272227
2.432309
2.326448
2.229625
2.029522
1.735178
1.371121
1.176183
0.905076
0.912822
0.821162
0.965752
1.057412
1.300117
1.355629
1.679666
1.735178
1.567350
1.832002
1.878477
1.891387
1.881059
2.003703
1.677084
1.926244
1.713231
1.403396
1.297535
1.127125
1.196838
1.171019
1.274297
1.127125
1.120670
0.947679
0.951552
0.928314
1.008355
0.976080
1.107761
1.147781
1.229113
1.156818
1.203293
1.134871
1.189092
1.334974
1.345301
1.280752
1.331101
1.276879
1.226531
0.964461
1.183929
1.331101
1.394359
1.125834
1.475691
1.524748
1.573805
1.677084
1.591879
1.631900
1.476982
1.458908
1.334974
1.345301
1.296244
1.227822
1.172310
1.106470
1.209748
1.200711
1.251060
1.398232
1.336264
1.433088
1.582842
1.612535
1.533785
1.403396
1.393068
1.425342
1.451162
1.697740
1.631900
1.354338
1.429215
1.340137
1.306572
1.301408
1.306572
0.947679
1.158109
1.030302
1.167146
1.203293
1.400814
1.484728
1.523457
1.518293
1.402105
1.456326
1.466654
1.568641
1.334974
1.209748
1.138744
0.890875
1.208457
1.090978
1.149072
1.078068
1.204584
0.955425
1.318191
1.309154
1.267842
1.307863
1.372412
1.466654
1.635772
1.699031
1.701613
1.724850
1.567350
1.541531
1.360793
1.413723
1.560895
0.808253
0.003970
0.093048
0.710138
0.694646
0.992863
1.689994
2.141838
1.837166
1.620281
1.270424
1.205875
1.377576
1.591879
1.575096
1.665465
1.566059
1.359502
1.218785
1.163273
1.004482
1.100015
1.200711
1.205875
1.213621
1.320773
1.243314
1.323355
1.427924
1.559605
1.546695
1.445998
1.309154
1.261388
1.230404
1.430506
1.424051
1.526039
1.515711
1.576387
1.489891
1.389195
1.311736
1.517002
1.356920
1.740342
1.835875
2.051469
1.939153
2.162493
2.012739
1.680957
1.178765
1.052248
0.764359
0.845691
0.830199
1.012228
0.946388
1.271715
1.358211
1.597043
1.496346
1.688703
1.559605
1.584133
1.448580
1.523457
1.391777
1.526039
1.213621
1.235568
1.054830
1.217494
1.136162
1.315609
1.220076
1.470527
1.389195
1.546695
1.374994
1.553150
1.489891
1.204584
1.306572
1.329810
1.185220
1.168437
1.039338
1.207166
1.129707
1.311736
1.050957
1.081941
0.905076
1.007064
0.972207
1.029011
1.065158
1.337555
1.298826
1.522166
1.527330
1.791981
1.806182
1.939153
1.779072
2.032104
2.002412
1.904297
1.566059
1.686121
1.465363
1.558314
1.409851
1.567350
1.411141
1.413723
1.566059
1.602207
1.455035
1.514420
1.451162
1.633191
1.549277
1.659010
1.501510
1.730014
1.679666
1.564768
1.204584
1.204584
0.840527
0.743703
0.618478
0.612023
0.590076
0.588786
0.392556
0.481634
0.392556
0.761777
0.715302
0.866347
0.858601
0.963170
0.933478
1.149072
1.199420
1.407269
1.469236
1.484728
1.106470
1.333683
1.386613
1.461490
1.443416
1.569932
1.575096
1.497637
1.288498
1.310445
1.190383
1.376285
1.296244
1.394359
1.293662
1.404687
1.332392
1.546695
1.559605
1.638354
1.497637
1.575096
1.231695
1.398232
1.261388
1.159400
0.943806
0.850855
0.759195
0.801798
0.684318
0.903785
0.879257
0.799216
0.529400
0.614605
0.463560
0.556511
0.593949
0.934769
1.109052
1.256224
1.353047
1.673211
1.727432
1.953354
2.112145
2.258026
2.329030
2.201223
1.828129
1.903006
1.531203
1.182638
0.809544
0.694646
0.755322
1.254933
1.535076
1.780363
1.753252
1.953354
2.017903
2.122473
2.214133
2.438764
2.032104
2.589809
2.583354
2.633702
2.580772
2.450383
2.176694
1.857822
1.420178
1.285916
1.120670
1.146490
1.127125
1.232986
1.351756
1.496346
1.535076
1.740342
1.696449
1.755834
1.509256
1.528621
1.474400
1.651264
1.705486
1.696449
1.573805
1.573805
1.371121
1.491182
1.442125
1.704195
1.671920
1.626736
1.378867
1.513129
1.427924
1.465363
1.280752
1.394359
1.396941
1.360793
1.230404
1.433088
1.416305
1.500219
1.217494
1.462781
1.417596
1.493764
1.520875
1.618990
1.628027
1.628027
1.513129
1.517002
1.396941
1.522166
1.578969
1.471818
1.412432
1.577678
1.563477
1.700322
1.562186
1.569932
1.510547
1.486018
1.418887
1.425342
1.301408
1.465363
1.526039
1.643518
1.630609
1.626736
1.528621
1.453744
1.372412
1.227822
1.159400
1.147781
1.084523
1.221367
1.328519
1.612535
1.859112
2.039850
2.057924
1.972719
1.873313
1.834584
1.700322
1.893969
1.730014
1.558314
1.381449
1.278170
1.080650
1.127125
1.010937
1.125834
1.102597
1.097433
1.176183
1.288498
1.526039
1.808764
2.250280
2.886735
3.714255
3.742656
3.618722
3.732328
3.652287
3.665197
3.474132
2.993886
2.144420
1.152945
0.197618
0.005261
0.010425
-0.090271
0.016880
-0.027013
0.031081
0.116286
0.247966
0.619769
1.089687
1.666756
2.272227
3.674234
3.622595
3.683271
3.546427
3.179788
2.817022
2.162493
0.987699
0.072392
0.213110
0.500999
0.118868
0.011716
0.007843
-0.002485
0.003970
-0.007648
0.262167
0.968334
0.945097
0.276368
0.009134
0.001388
0.080138
0.242802
0.235056
0.655917
0.879257
0.983826
0.963170
0.964461
1.076777
1.200711
1.078068
0.898621
0.800507
0.792761
0.703683
0.675281
0.663663
0.782433
0.839236
0.948970
1.074195
1.289789
1.404687
1.356920
1.090978
1.212330
1.236859
1.141326
1.007064
1.016101
1.071613
1.265260
1.471818
1.584133
1.558314
1.581551
1.451162
1.586715
1.505383
1.483437
1.421469
1.322064
1.324646
1.431797
1.448580
1.427924
1.297535
1.493764
1.573805
1.510547
1.444707
1.300117
1.178765
1.058703
1.092269
1.214912
1.216203
1.121961
1.072904
1.209748
1.309154
1.418887
1.285916
1.413723
1.427924
1.533785
1.526039
1.656428
1.625445
1.575096
1.470527
1.172310
0.941224
1.353047
1.724850
2.113436
2.263190
2.632411
2.751182
3.280484
3.430238
3.494788
3.532226
3.435402
2.802821
2.016612
1.251060
0.556511
0.009134
0.005261
0.089175
2.854460
3.610976
3.648415
3.061017
2.487821
1.174892
0.005261
0.299605
1.333683
1.340137
0.716593
0.229892
-0.029595
-0.002485
0.100794
0.371900
0.785015
0.885712
1.191674
1.390486
1.523457
1.646100
1.686121
1.474400
1.709358
1.759707
1.798436
1.746797
1.693867
1.720977
1.801018
1.686121
1.730014
1.706777
1.806182
1.762289
1.864276
1.686121
1.594461
1.374994
1.260097
1.198129
1.218785
1.200711
1.338846
1.347883
1.421469
1.549277
1.649973
1.651264
1.629318
1.558314
1.422760
1.280752
1.297535
1.373703
1.402105
1.333683
1.487309
1.560895
1.660301
1.647391
1.522166
1.478273
1.580260
1.486018
1.387904
1.180056
1.886223
2.290301
1.981756
1.100015
0.999318
1.776490
2.327739
2.504604
2.857042
3.061017
2.833804
1.835875
0.672699
0.318970
0.760486
0.983826
1.039338
0.930896
0.865056
0.688191
0.822453
0.857310
0.998027
1.067740
1.106470
1.253642
1.427924
1.655137
1.757125
1.768744
1.773908
1.673211
1.489891
1.322064
1.439543
1.495055
1.460199
1.349174
1.359502
1.156818
0.825035
0.764359
1.217494
1.436961
1.389195
1.000609
0.897330
0.770814
0.392556
0.011716
0.003970
0.009134
-0.002485
0.018171
0.466142
0.706265
0.388683
0.010425
0.025917
0.011716
0.016880
0.007843
0.002679
0.007843
0.003970
0.007843
0.003970
0.014298
0.195036
0.510036
1.012228
1.584133
2.199932
2.531714
3.565792
3.723292
3.745238
3.551591
3.712964
3.680689
3.627759
3.274030
2.809276
2.081162
1.408560
0.899912
0.858601
0.781142
1.134871
1.292371
1.544113
1.732596
1.949481
2.163784
2.473620
2.851878
3.268866
3.608394
3.707800
3.583865
3.663906
3.601939
3.487042
2.997759
2.620792
1.976592
1.298826
0.794052
0.600404
0.557802
0.679154
0.770814
0.991572
1.164564
1.426633
1.532494
1.595752
1.726141
1.821674
2.045014
2.294174
2.415526
2.447801
2.487821
2.500731
2.522678
2.473620
2.440055
2.339358
2.263190
2.184440
2.099235
1.802309
1.656428
1.631900
1.680957
1.594461
1.578969
1.524748
1.332392
1.177474
1.293662
1.212330
1.114215
0.968334
0.809544
0.908949
1.338846
1.744215
2.087616
2.338067
2.193477
1.554441
0.951552
0.804380
1.249769
1.811346
2.307083
2.738272
2.773128
2.086325
1.199420
0.888293
1.283334
1.753252
2.149584
2.314829
2.118600
1.069031
0.127905
0.166634
1.239441
2.878989
3.707800
3.656160
2.988722
1.254933
0.010425
-0.002485
0.330589
0.920568
1.164564
1.079359
0.863765
0.573294
0.486798
0.513909
0.657208
0.849564
1.128416
1.355629
1.678375
1.846203
1.943026
2.137965
2.409071
2.539460
2.549788
2.464583
2.394870
2.103108
1.732596
1.311736
0.943806
0.542310
0.255712
0.173089
0.268622
0.321552
0.432577
0.982535
1.615117
1.475691
1.470527
1.717104
1.879768
1.746797
1.582842
1.455035
1.528621
1.622863
1.711940
1.745506
1.732596
1.620281
1.585424
1.611244
1.715813
1.754543
1.824256
1.844912
1.899133
1.881059
1.763580
1.522166
1.442125
1.483437
1.550568
1.507965
1.488600
1.373703
1.253642
1.189092
1.100015
0.951552
0.831490
0.826326
1.019974
1.218785
1.399523
1.471818
1.572514
1.546695
1.519584
1.537658
1.529912
1.500219
1.535076
1.555732
1.608662
1.582842
1.578969
1.527330
1.488600
1.438252
1.464072
1.474400
1.435670
1.331101
1.257515
1.225240
1.314318
1.448580
1.536367
1.473109
1.448580
1.425342
1.411141
1.359502
1.371121
1.393068
1.407269
1.354338
1.359502
1.283334
1.154236
1.029011
1.016101
0.968334
1.048375
1.208457
1.387904
1.445998
1.469236
1.418887
1.445998
1.509256
1.595752
1.471818
1.405978
1.349174
1.345301
1.223949
1.262678
1.327228
1.452453
1.439543
1.469236
1.393068
1.418887
1.475691
1.500219
1.585424
1.671920
1.626736
1.682248
1.682248
1.573805
1.337555
1.174892
1.226531
1.519584
1.689994
1.806182
1.821674
2.109563
2.227043
2.312247
2.344522
2.374215
2.298047
2.189604
2.034686
1.972719
1.779072
1.661592
1.493764
1.544113
1.689994
1.980465
2.279973
2.659522
3.090710
3.577410
3.671652
3.764603
3.662615
3.680689
3.599357
3.316632
2.658231
1.817801
0.916695
0.293150
-0.001194
0.015589
0.129196
0.695937
1.059994
0.906367
0.856019
0.960589
0.885712
0.799216
0.821162
1.025138
1.136162
1.276879
1.239441
1.245896
1.214912
1.338846
1.278170
1.236859
1.129707
1.031593
0.916695
0.880548
0.887003
1.040629
1.150363
1.247187
1.161982
1.031593
0.951552
0.893457
0.743703
0.683027
0.667535
0.619769
0.631388
0.752740
0.761777
0.795343
0.831490
0.985117
1.048375
1.121961
1.074195
1.054830
1.071613
1.171019
1.063867
1.018683
0.872802
0.768232
0.738540
0.754031
0.693355
0.775978
0.821162
0.963170
1.163273
1.249769
1.302699
1.431797
1.588006
1.680957
1.701613
1.763580
1.727432
1.776490
1.733887
1.709358
1.594461
1.597043
1.586715
1.603498
1.616408
1.633191
1.613826
1.678375
1.678375
1.688703
1.670629
1.625445
1.595752
1.585424
1.558314
1.544113
1.551859
1.717104
2.349686
3.649706
3.648415
3.718128
3.660033
3.601939
3.534808
3.618722
3.670361
3.697472
3.660033
3.609685
3.249501
2.685341
1.680957
0.618478
0.013007
0.014298
0.006552
0.002679
0.018171
0.013007
-0.007648
0.043991
0.139524
0.490671
0.757904
0.996736
1.220076
1.517002
1.764871
2.117309
2.433600
2.885444
3.323087
3.674234
3.697472
3.728455
3.608394
2.797657
1.597043
0.537146
0.027208
-0.007648
-0.008939
0.005261
0.015589
0.014298
0.016880
0.013007
-0.012812
0.136942
0.184708
0.355118
0.464851
0.599113
0.619769
0.602986
0.491962
0.510036
0.610732
0.912822
1.173601
1.098724
0.652044
0.184708
0.005261
0.002679
0.002679
-0.065743
-0.001194
0.094339
0.235056
0.458396
0.677863
0.960589
1.181347
1.430506
1.706777
1.848785
1.974010
2.206387
2.471038
2.959030
3.426365
3.647124
3.718128
3.719419
3.689726
3.639378
3.350198
2.962903
2.418108
1.733887
0.924441
0.435159
0.155015
0.169216
0.247966
0.333171
0.482925
0.779851
1.048375
1.329810
1.519584
1.760998
1.917207
2.121182
2.279973
2.398743
2.361305
2.309665
2.140547
1.990793
1.820383
1.588006
1.381449
1.412432
1.420178
1.607371
1.710649
1.727432
1.629318
1.511838
1.442125
1.542822
1.665465
1.843621
1.966264
2.152166
2.354850
2.631120
2.858333
3.072636
3.181079
3.182370
2.997759
2.725362
2.236079
1.659010
1.120670
0.766941
0.477761
0.375773
0.328007
0.449359
0.566839
0.645589
0.624933
0.643007
0.645589
0.675281
0.803089
0.972207
1.081941
1.172310
1.209748
1.186511
1.222658
1.269133
1.253642
1.447289
1.563477
1.715813
1.735178
1.767453
1.688703
1.741633
1.822965
1.882350
1.826838
1.862985
1.742924
1.505383
1.247187
1.105179
1.007064
1.075486
1.214912
1.381449
1.461490
1.513129
1.557023
1.387904
1.553150
1.620281
1.557023
1.595752
1.531203
1.566059
1.684830
1.705486
1.626736
1.622863
1.502801
1.378867
1.341428
1.506674
1.506674
1.558314
1.546695
1.557023
1.599625
1.714522
1.861694
2.317411
2.919009
3.675525
3.694890
3.672943
3.661324
3.663906
3.552882
3.259829
2.681468
1.825547
0.760486
0.138233
0.020753
-0.002485
0.046573
0.253130
0.544892
0.921859
1.238150
1.438252
1.575096
1.714522
1.777781
1.807473
1.834584
1.862985
1.884932
1.905588
1.913334
1.993375
2.148293
2.372924
2.712452
3.113948
3.601939
3.714255
3.707800
3.696181
3.674234
3.519316
3.085546
2.477493
1.661592
0.916695
0.395138
0.157597
0.090466
0.117577
0.193745
0.347372
0.502290
0.706265
0.854728
0.914113
0.765650
0.599113
0.459687
0.384810
0.328007
0.318970
0.423540
0.520363
0.489380
0.530691
0.578458
0.693355
0.715302
0.770814
0.772105
0.832781
0.775978
0.719175
0.720466
0.794052
0.792761
0.815998
0.880548
0.982535
1.150363
1.247187
1.195547
1.114215
0.903785
0.737249
0.626224
0.897330
1.105179
0.822453
0.759195
1.038047
1.381449
1.733887
1.853949
2.042432
2.203805
2.143129
1.702904
1.191674
0.769523
0.498417
0.322843
0.306060
0.375773
0.547474
0.653335
0.712720
0.760486
0.795343
0.797925
0.874093
1.012228
1.057412
1.124543
1.221367
1.243314
1.302699
1.398232
1.489891
1.514420
1.613826
1.683539
1.784235
1.755834
1.612535
1.465363
1.376285
1.337555
1.374994
1.510547
1.509256
1.452453
1.405978
1.416305
1.404687
1.381449
1.431797
1.514420
1.572514
1.554441
1.544113
1.599625
1.677084
1.733887
1.701613
1.652555
1.719686
1.768744
1.802309
1.776490
1.625445
1.431797
1.436961
1.506674
1.651264
1.744215
1.736469
1.617699
1.484728
1.389195
1.492473
1.469236
1.354338
1.327228
1.389195
1.502801
1.591879
1.604789
1.590588
1.642227
1.724850
1.732596
1.741633
1.758416
1.750670
1.705486
1.701613
1.724850
1.699031
1.572514
1.538949
1.520875
1.616408
1.665465
1.702904
1.714522
1.702904
1.696449
1.751961
1.689994
1.652555
1.618990
1.637063
1.631900
1.653846
1.606080
1.557023
1.523457
1.564768
1.599625
1.692576
1.744215
1.745506
1.733887
1.679666
1.594461
1.515711
1.386613
1.350465
1.395650
1.483437
1.581551
1.549277
1.390486
1.549277
1.786817
2.660813
3.476714
3.370853
2.805403
2.041141
0.627515
0.065938
0.010425
-0.012812
0.002679
0.043991
-0.023140
-0.003776
0.005261
0.002679
-0.001194
0.290569
0.688191
1.280752
2.108272
3.339870
3.671652
3.800750
3.734910
3.667779
3.643251
3.687144
3.053271
1.044502
-0.108345
-0.056706
0.029790
-0.054124
0.034954
0.104667
0.534564
1.147781
1.799727
2.560116
3.364398
3.731037
3.707800
3.809787
3.740074
3.630341
3.741365
3.647124
3.102329
2.486530
1.757125
1.220076
0.872802
0.850855
0.968334
1.298826
1.724850
2.548497
3.702636
3.718128
3.705218
3.700054
3.585156
3.089419
1.835875
0.272495
-0.010230
0.034954
-0.012812
-0.016685
0.011716
0.053028
0.193745
0.491962
0.830199
1.227822
1.478273
1.706777
1.865567
2.051469
2.228334
2.496858
2.668559
2.922882
3.128148
3.667779
3.722001
3.787841
3.755566
3.638087
3.731037
3.786550
3.811078
3.607103
1.100015
0.003970
0.010425
-0.211624
0.034954
-0.057997
-0.020558
0.006552
0.016880
0.010425
0.019462
-0.064452
0.024626
0.059483
0.351245
0.894748
1.722268
2.287719
2.172821
1.634482
1.336264
1.936571
2.437473
1.989502
0.584913
0.014298
-0.002485
0.005261
0.001388
0.060774
-0.006358
-0.033468
-0.021849
-0.007648
0.130487
0.734667
1.439543
2.287719
3.172042
3.733619
3.746529
3.631632
3.532226
3.026161
2.207678
1.347883
0.694646
0.628806
0.814707
1.177474
1.452453
1.593170
1.770035
1.895260
1.896551
2.001121
1.949481
1.931408
2.046305
1.816510
1.158109
0.880548
1.097433
1.711940
2.331612
2.464583
2.136674
1.700322
1.171019
0.763068
0.631388
1.069031
1.839748
2.527842
2.542042
2.172821
2.090198
3.183661
3.736201
3.663906
3.330833
2.942247
2.709870
2.509768
2.216715
2.046305
1.700322
1.195547
0.865056
0.641716
0.178253
-0.045087
0.002679
0.011716
0.002679
0.235056
0.825035
1.146490
1.553150
2.705997
3.771058
3.802041
3.672943
3.630341
2.859624
1.639645
0.426122
0.038827
-0.024431
-0.008939
0.010425
-0.020558
0.000097
0.002679
0.005261
0.055610
0.692064
1.495055
1.702904
2.256735
3.221099
3.653578
3.656160
3.733619
3.703927
3.701345
3.364398
2.547206
1.325937
0.232474
0.072392
-0.005067
0.005261
0.002679
0.003970
0.005261
0.247966
2.278682
3.652287
3.756857
3.649706
3.653578
3.669070
3.666488
3.607103
2.273518
0.074974
0.003970
-0.001194
-0.073489
0.010425
0.010425
-0.008939
0.029790
0.170507
0.856019
1.678375
2.332903
2.633702
2.832513
3.483169
3.762021
3.743947
3.689726
3.740074
3.223681
1.952063
0.973498
0.006552
-0.006358
-0.015394
-0.087689
-0.007648
0.055610
0.010425
-0.020558
-0.017976
0.009134
0.013007
-0.001194
-0.005067
-0.001194
0.014298
0.002679
0.157597
0.612023
1.065158
1.536367
1.944317
2.410362
2.864788
3.201735
2.857042
1.989502
0.865056
0.029790
0.006552
0.018171
0.032372
0.267331
0.655917
1.102597
1.528621
1.917207
2.335485
2.862206
3.565792
2.880280
3.758148
3.650996
3.648415
3.601939
3.631632
3.782677
3.678107
3.604521
3.292103
2.447801
1.260097
0.250548
0.019462
-0.005067
0.005261
0.164052
0.680445
1.133580
1.331101
1.420178
1.612535
1.940444
2.409071
3.245628
3.756857
3.643251
3.667779
3.669070
3.688435
3.703927
3.523189
3.129439
2.636284
2.096653
1.316900
0.533273
0.009134
0.003970
0.160179
0.331880
0.255712
2.166366
3.687144
3.514152
1.409851
0.003970
0.027208
0.009134
-0.081235
-0.002485
0.003970
0.003970
0.007843
0.122741
3.712964
3.670361
3.627759
3.745238
1.656428
-0.005067
-0.001194
0.022044
0.009134
0.003970
0.037536
-0.007648
-0.181931
-0.019267
0.031081
-0.052833
-0.081235
0.006552
0.050446
0.014298
-0.002485
-0.001194
0.245384
1.177474
2.503313
3.693599
3.662615
3.665197
3.705218
3.703927
3.702636
3.625177
3.736201
3.608394
3.777513
3.616140
3.781386
3.654869
3.767185
3.348907
3.763312
3.400546
3.736201
3.710382
3.764603
3.536099
3.736201
3.712964
3.780095
3.323087
0.995445
-0.003776
-0.020558
0.005261
0.005261
-0.041214
-0.003776
0.010425
-0.003776
0.003970
0.003970
0.002679
0.001388
0.014298
0.010425
0.022044
1.287207
3.447021
3.790423
3.341161
0.015589
0.005261
-0.064452
-0.001194
0.005261
0.031081
2.502022
3.581283
3.697472
3.787841
3.795587
3.671652
3.672943
3.631632
3.795587
3.561919
1.584133
-0.052833
0.022044
0.015589
0.005261
1.970137
3.676816
2.900936
3.667779
3.641960
3.728455
3.616140
3.691017
3.617431
3.812369
3.573538
3.732328
3.586447
3.261120
-0.103181
-0.001194
0.016880
0.003970
0.000097
0.148560
-0.027013
1.110343
2.512350
3.756857
3.750402
3.769767
3.658742
3.281775
0.006552
-0.005067
-0.006358
0.001388
0.016880
0.006552
-0.006358
0.013007
0.001388
-0.006358
-0.003776
0.013007
0.003970
-0.002485
0.002679
0.005261
0.001388
0.002679
-0.056706
0.315097
0.960589
1.678375
1.803600
2.840259
3.009378
3.728455
3.368271
3.712964
3.511570
3.714255
3.212062
3.813660
3.258538
3.782677
3.330833
3.813660
3.283066
3.672943
3.210771
1.329810
0.095630
3.662615
3.155259
3.755566
3.210771
3.781386
3.182370
3.715546
3.245628
3.472841
1.143908
0.000097
0.003970
0.006552
-0.005067
0.006552
-0.011521
0.000097
0.023335
-0.051542
-0.021849
0.009134
0.014298
-0.008939
-0.014103
0.011716
0.006552
0.006552
0.022044
0.013007
0.000097
0.000097
-0.006358
-0.010230
0.006552
0.000097
0.005261
0.009134
0.002679
-0.060579
0.005261
0.006552
0.002679
-0.016685
0.006552
-0.170312
0.010425
0.007843
-0.002485
-0.029595
0.022044
0.189872
0.679154
2.170239
3.314050
3.666488
3.417329
3.807205
3.288230
3.650996
3.293394
2.788620
1.087105
0.014298
-0.003776
0.098212
0.788888
1.750670
3.020997
3.812369
3.292103
3.698763
3.339870
3.334706
2.702124
2.731817
2.239952
2.634993
2.724071
3.635505
2.978394
3.662615
3.314050
3.767185
3.298558
3.790423
3.206898
3.674234
3.525771
3.697472
3.465095
3.669070
3.290812
3.771058
3.378599
3.698763
3.200444
3.684562
3.328251
3.487042
2.641448
2.163784
0.987699
0.063356
-0.019267
0.011716
0.074974
0.404175
1.460199
3.719419
3.439275
3.678107
3.334706
3.692308
3.101038
2.228334
0.167925
-0.001194
-0.007648
-0.100599
-0.057997
-0.021849
0.042700
-0.001194
0.000097
0.009134
0.003970
0.072392
0.001388
-0.016685
0.001388
0.014298
0.001388
-0.002485
0.003970
-0.011521
-0.003776
0.005261
0.171798
0.646880
1.125834
2.097944
2.820895
3.747820
3.447021
3.762021
3.378599
3.724583
3.243046
3.661324
3.246919
3.437984
3.008087
3.033907
2.211551
1.602207
0.788888
0.298314
0.200200
0.325425
0.777269
1.513129
2.077289
2.993886
3.133312
3.750402
3.408292
3.689726
3.348907
3.692308
3.307595
3.558046
3.008087
2.916427
2.043723
1.767453
1.186511
0.925732
0.830199
0.866347
1.023847
1.488600
1.381449
2.015321
1.930117
2.504604
1.875895
3.285648
3.558046
3.621304
3.305013
3.678107
3.253374
3.276612
2.471038
2.276100
1.328519
0.915404
0.473888
0.255712
0.180835
0.249257
0.530691
0.791470
0.961880
1.258806
1.267842
1.722268
1.666756
2.321284
2.512350
3.523189
3.388927
3.729746
3.324378
3.684562
3.368271
3.568374
2.805403
2.562698
1.101306
0.787597
0.105958
0.032372
-0.005067
0.013007
0.005261
0.013007
0.031081
0.099503
0.287987
0.481634
0.707556
0.876675
1.004482
1.227822
1.263969
1.576387
1.520875
1.966264
1.777781
2.314829
2.161202
2.533005
2.365178
2.680177
2.252862
2.246407
1.440834
1.279461
1.023847
0.932187
0.889584
0.890875
0.884421
0.916695
0.999318
1.378867
1.542822
1.759707
1.489891
1.903006
1.589297
1.903006
1.640936
1.989502
1.801018
1.757125
1.306572
1.318191
1.138744
1.271715
1.248478
1.746797
1.659010
2.225752
2.250280
2.854460
2.929337
3.701345
3.501242
3.714255
3.258538
3.377308
2.526551
1.949481
0.903785
0.125323
0.034954
0.023335
0.051737
0.322843
0.693355
1.102597
1.334974
1.955936
2.064379
2.409071
1.971428
2.370342
1.841039
1.697740
1.196838
1.038047
0.908949
0.915404
0.890875
0.839236
0.822453
0.799216
0.746285
0.724339
0.721757
0.778560
0.880548
1.098724
1.251060
1.488600
1.387904
1.719686
1.519584
1.883641
1.683539
1.909461
1.582842
1.802309
1.560895
1.598334
1.309154
1.486018
1.306572
1.536367
1.341428
1.546695
1.274297
1.407269
1.320773
1.501510
1.230404
1.460199
1.376285
1.625445
1.511838
1.882350
1.727432
2.092780
1.976592
2.077289
1.621572
1.671920
1.260097
1.158109
1.035466
1.147781
1.121961
1.399523
1.448580
1.749379
1.680957
2.082453
1.999830
2.610464
2.598846
3.015833
2.708579
3.013251
2.411653
2.110854
1.182638
0.551347
0.076265
-0.003776
-0.003776
0.010425
0.000097
-0.007648
0.001388
0.003970
0.014298
0.045282
0.107249
0.204073
0.295732
0.451941
0.719175
1.097433
1.296244
1.937862
2.286428
2.711161
2.796366
3.554173
3.476714
3.521898
2.824768
2.547206
1.279461
0.462269
0.003970
0.001388
0.246675
0.867638
1.167146
1.628027
2.421981
3.799460
3.385054
3.685853
3.377308
3.756857
3.409583
3.591611
2.826059
2.130219
0.747576
-0.003776
0.058192
0.010425
-0.006358
0.022044
-0.008939
-0.145784
0.056901
0.255712
0.320261
0.340917
0.317679
0.263458
0.315097
0.406757
0.511327
0.595240
0.676572
0.777269
0.988990
1.471818
1.819092
2.442637
3.361816
3.733619
3.458640
3.657451
2.600137
1.558314
0.542310
0.201491
0.290569
0.207946
0.011716
-0.023140
0.006552
-0.011521
0.000097
0.001388
0.006552
0.080138
0.011716
-0.065743
0.013007
0.001388
0.000097
0.019462
0.002679
-0.014103
0.271204
0.648171
0.808253
0.583622
0.253130
0.068519
0.311224
0.730794
1.195547
1.813928
2.163784
3.187534
3.547718
3.749111
3.289521
3.629050
3.366980
3.596775
3.141058
3.397964
3.040362
3.317923
2.848005
2.576899
1.804891
1.061285
0.355118
0.340917
0.247966
0.347372
0.511327
0.516490
0.495835
0.504872
0.586204
0.747576
1.052248
1.340137
1.311736
1.669338
1.431797
1.609953
1.260097
1.488600
1.302699
1.510547
1.380158
1.901715
2.063088
3.039071
3.417329
3.751693
3.459931
3.741365
3.378599
2.931919
0.871511
0.009134
0.080138
-0.008939
-0.028304
0.755322
1.502801
2.379379
2.452965
2.712452
1.766162
1.058703
0.126614
0.009134
0.003970
0.003970
0.215692
0.459687
0.774687
0.960589
0.890875
0.619769
0.369318
0.260876
0.343499
0.488089
0.592658
0.671408
0.921859
1.389195
1.537658
2.267063
2.353559
2.623374
2.675014
3.696181
3.255956
3.691017
3.585156
3.755566
3.317923
3.749111
3.337288
3.805914
3.487042
3.568374
1.798436
-0.016685
0.000097
0.010425
0.001388
0.006552
0.530691
1.476982
2.130219
3.640669
3.339870
3.671652
3.329542
3.764603
3.385054
3.729746
3.377308
3.731037
3.396673
3.676816
3.416038
3.654869
3.323087
3.612267
2.301920
0.648171
0.019462
-0.015394
-0.006358
0.013007
0.028499
0.000097
0.001388
0.041409
-0.012812
-0.036050
-0.007648
0.024626
0.007843
-0.010230
0.001388
0.006552
0.003970
-0.014103
0.001388
0.007843
0.007843
-0.005067
0.007843
0.005261
0.176962
0.458396
0.613314
0.899912
1.016101
1.242023
1.187801
1.245896
1.142617
1.035466
0.916695
0.801798
0.615896
0.309933
-0.003776
0.002679
-0.010230
0.002679
0.015589
-0.033468
-0.006358
0.033663
0.005261
0.003970
0.045282
0.179544
0.644298
1.282043
1.483437
2.492985
3.059726
3.742656
3.335997
2.396161
0.003970
0.022044
0.000097
-0.006358
0.005261
0.010425
0.410630
1.671920
2.667268
3.691017
3.330833
3.809787
3.252083
3.738783
3.423784
3.794296
3.409583
3.697472
3.274030
3.629050
3.073927
2.726653
1.492473
0.875384
0.204073
0.005261
0.018171
0.002679
0.173089
0.440323
0.819871
1.150363
1.245896
1.710649
1.710649
2.247698
2.176694
3.050690
3.155259
3.711673
3.070054
3.608394
3.206898
3.040362
2.016612
1.542822
0.671408
-0.019267
0.009134
0.010425
0.009134
-0.034759
0.218273
0.463560
0.805671
1.127125
1.234277
1.635772
1.501510
2.092780
1.981756
2.437473
2.579481
3.676816
3.400546
3.652287
3.305013
3.706509
3.235300
3.738783
3.153968
0.522945
0.005261
-0.076071
-0.039923
0.006552
-0.017976
-0.012812
0.013007
0.011716
0.000097
0.176962
0.628806
0.880548
0.881839
0.792761
0.822453
0.911531
0.983826
1.136162
1.078068
1.133580
0.958007
0.964461
0.899912
0.898621
0.884421
1.078068
1.143908
1.341428
1.178765
1.493764
1.318191
1.639645
1.327228
1.621572
1.288498
1.611244
1.620281
1.608662
1.214912
1.461490
1.134871
1.385322
1.249769
1.496346
1.116797
1.394359
1.262678
1.417596
1.248478
1.396941
1.177474
1.245896
1.078068
1.243314
1.107761
1.360793
1.249769
1.479564
1.251060
1.453744
1.174892
1.231695
0.649462
-0.029595
0.007843
0.759195
2.638866
3.676816
3.248210
3.674234
2.623374
1.758416
0.751449
0.934769
1.400814
2.401325
2.092780
2.090198
1.190383
0.688191
0.238929
-0.007648
0.009134
0.013007
0.009134
-0.006358
0.051737
0.098212
0.321552
0.420958
0.547474
0.690773
0.846982
0.905076
0.885712
1.083232
1.067740
1.230404
0.782433
1.313027
1.297535
1.597043
0.877966
1.615117
1.189092
1.597043
1.347883
1.520875
1.205875
1.487309
1.119379
1.471818
1.136162
0.557802
0.001388
0.005261
0.002679
0.005261
0.001388
0.022044
0.002679
0.005261
0.005261
0.011716
0.000097
0.000097
0.003970
0.014298
0.002679
0.002679
0.095630
2.119891
3.319214
3.658742
3.352779
3.631632
3.630341
3.630341
2.844132
3.160423
2.168948
1.985629
0.969625
0.166634
0.002679
0.024626
0.138233
0.347372
0.694646
1.035466
1.133580
1.519584
1.313027
1.533785
1.187801
1.382740
1.653846
2.234788
0.734667
0.015589
0.001388
0.907658
2.567862
3.215935
0.451941
-0.015394
0.000097
1.190383
2.607882
3.793005
3.051981
3.764603
3.468968
1.922371
-0.070907
-0.005067
0.007843
0.013007
-0.030886
0.000097
0.003970
0.009134
0.047864
0.285405
0.396429
1.374994
1.535076
3.264993
3.551591
3.689726
2.313538
1.506674
0.998027
1.693867
2.947411
3.763312
3.598066
3.787841
3.485751
3.672943
3.345034
3.707800
3.563210
3.762021
3.478005
3.634214
3.430238
2.689214
0.609441
0.006552
-0.001194
-0.001194
0.001388
0.009134
0.191163
0.473888
0.657208
0.741121
0.126614
-0.021849
-0.002485
1.112924
2.829931
3.741365
3.270157
2.077289
0.290569
0.013007
-0.012812
-0.017976
-0.050251
0.124032
0.238929
-0.005067
-0.008939
0.006552
-0.011521
-0.008939
-0.038632
0.133069
0.253130
0.384810
0.653335
1.016101
0.605568
1.533785
1.480855
1.430506
1.249769
1.026429
0.901203
1.134871
1.447289
1.781654
2.010157
2.693087
3.042944
3.586447
3.392800
3.345034
2.795075
2.251571
1.280752
0.362864
0.005261
0.089175
0.000097
0.000097
0.071101
0.007843
-0.041214
0.025917
0.346081
0.587495
0.915404
1.344010
1.338846
1.393068
1.523457
1.788108
1.789399
2.066961
2.026940
2.004994
1.498928
1.642227
1.291080
1.087105
0.985117
0.920568
0.743703
0.528109
0.470015
0.343499
0.454523
0.587495
0.806962
1.026429
1.156818
2.112145
2.616919
3.257247
3.142349
3.697472
3.490915
3.687144
3.554173
3.630341
3.385054
2.753764
1.443416
0.078847
-0.036050
0.015589
-0.001194
0.002679
0.029790
0.264749
0.670117
1.035466
1.311736
1.501510
1.566059
1.976592
2.325157
2.848005
3.009378
3.197862
3.201735
3.226263
2.853169
2.693087
2.149584
1.501510
0.774687
0.266040
0.089175
0.229892
0.355118
0.380937
0.042700
0.001388
0.295732
1.093560
2.033395
3.040362
3.621304
3.649706
3.552882
3.607103
3.346325
3.112657
2.520096
2.043723
1.058703
0.287987
0.011716
-0.006358
0.009134
0.013007
0.001388
-0.034759
0.003970
0.006552
0.005261
0.007843
0.038827
0.237638
0.779851
1.487309
2.167657
2.964194
3.417329
3.658742
3.658742
3.733619
3.338579
3.476714
2.724071
2.327739
1.810055
1.538949
1.420178
1.276879
1.123252
0.881839
0.852146
1.171019
1.458908
1.440834
1.535076
1.913334
2.220588
2.709870
3.015833
3.359234
3.426365
3.663906
3.316632
3.019706
2.292883
1.524748
0.654626
0.165343
0.206655
0.019462
0.183417
0.320261
0.602986
0.760486
0.885712
0.947679
1.034175
1.072904
1.100015
0.822453
0.096921
0.016880
0.500999
1.285916
1.547986
1.386613
0.673990
0.959298
2.108272
3.462513
3.568374
3.645833
3.573538
2.884153
1.261388
0.011716
0.001388
0.020753
0.648171
1.999830
3.275321
3.660033
3.543845
3.683271
3.391509
2.872534
1.660301
0.397720
0.045282
0.259585
0.967043
1.287207
1.169728
1.141326
1.345301
1.189092
0.903785
0.714011
0.466142
0.036245
0.001388
0.003970
0.042700
0.152433
0.408048
0.748867
1.167146
1.474400
1.586715
1.336264
1.008355
0.671408
0.051737
0.001388
0.007843
-0.028304
1.140035
3.732328
3.712964
3.765894
3.558046
3.710382
3.671652
3.653578
3.523189
3.250792
2.671141
1.382740
0.006552
0.016880
0.001388
0.010425
0.001388
0.002679
0.193745
0.823744
1.340137
1.368539
1.253642
1.278170
1.541531
1.637063
1.546695
1.421469
1.669338
2.233497
3.042944
3.710382
3.680689
3.190116
2.432309
2.392288
2.522678
2.866079
2.791202
1.679666
-0.028304
0.014298
0.020753
0.142105
0.409339
0.344790
0.324134
0.831490
1.736469
2.407780
2.900936
3.351489
3.706509
3.665197
3.583865
3.742656
3.724583
3.647124
2.902227
1.514420
0.318970
0.002679
0.001388
0.013007
-0.003776
0.059483
0.917986
1.980465
2.891899
3.528353
3.312759
3.643251
3.403128
2.939665
2.199932
1.129707
0.282823
0.009134
0.042700
0.180835
0.404175
0.493253
0.360282
0.237638
0.156306
0.058192
0.067228
0.202782
0.351245
0.539728
0.827617
1.130998
1.350465
1.567350
1.692576
1.594461
1.495055
1.504092
1.696449
1.852658
1.886223
1.680957
1.367248
0.996736
0.827617
0.963170
1.305281
1.622863
1.810055
1.896551
1.972719
1.983047
1.878477
1.652555
1.599625
1.780363
1.998539
2.143129
2.329030
2.485239
2.585936
2.449092
2.134092
1.668047
1.270424
1.262678
1.593170
1.824256
1.918498
1.944317
2.057924
2.252862
2.551079
2.872534
3.184952
3.284357
3.319214
3.376017
3.303722
2.979685
2.415526
1.678375
0.967043
0.502290
0.195036
0.080138
-0.003776
0.010425
0.094339
0.360282
0.600404
0.737249
0.785015
0.787597
0.831490
0.902494
1.121961
1.331101
1.569932
1.618990
1.762289
2.243825
3.204316
3.691017
3.661324
3.688435
3.674234
3.456058
2.863497
1.868149
0.818580
0.011716
-0.001194
0.005261
0.005261
0.003970
0.022044
0.000097
-0.021849
0.002679
0.023335
0.068519
0.290569
0.538437
0.664953
0.706265
0.795343
0.822453
1.023847
1.289789
1.461490
1.452453
1.832002
2.676305
2.575608
2.398743
2.712452
3.387636
3.720710
3.649706
3.643251
3.590320
2.920300
1.897842
0.862474
0.191163
0.016880
-0.090271
0.018171
-0.006358
0.031081
-0.002485
0.220855
0.885712
1.640936
1.145199
0.153724
0.006552
0.007843
0.156306
0.770814
1.398232
1.661592
1.580260
1.309154
1.085814
1.075486
1.146490
1.337555
1.456326
1.678375
1.838457
1.958518
2.038559
2.152166
2.229625
2.264481
2.279973
2.374215
2.292883
2.162493
1.953354
1.693867
1.263969
0.844400
0.477761
0.235056
0.082720
0.041409
0.103376
0.231183
0.309933
0.510036
0.677863
0.894748
1.054830
1.196838
1.274297
1.351756
1.493764
1.517002
1.541531
1.537658
1.413723
1.364666
1.223949
1.200711
1.247187
1.378867
1.567350
1.677084
1.661592
1.628027
1.618990
1.684830
1.770035
1.826838
1.842330
1.825547
1.753252
1.563477
1.440834
1.382740
1.386613
1.422760
1.511838
1.588006
1.597043
1.688703
1.661592
1.724850
1.811346
1.777781
1.628027
1.504092
1.360793
1.303990
1.087105
0.883130
0.663663
0.596531
0.516490
0.470015
0.541019
0.786306
1.090978
1.377576
1.653846
1.770035
1.819092
1.838457
1.741633
1.781654
1.742924
1.702904
1.659010
1.628027
1.524748
1.448580
1.447289
1.555732
1.684830
1.739051
1.838457
1.983047
2.116018
2.212842
2.203805
2.165075
2.079871
2.021776
1.970137
1.910752
1.819092
1.850076
1.936571
1.926244
1.763580
1.646100
1.536367
1.433088
1.143908
0.906367
0.737249
0.704974
0.658499
0.683027
0.719175
0.862474
0.921859
1.085814
1.146490
1.252351
1.344010
1.524748
1.741633
1.828129
1.865567
1.927535
1.975301
2.045014
2.063088
2.086325
1.984338
1.781654
1.523457
1.377576
1.229113
1.156818
1.182638
1.307863
1.381449
1.571223
1.618990
1.657719
1.686121
1.813928
1.923662
2.128928
2.376797
2.822186
3.317923
3.650996
3.560628
3.672943
3.649706
3.515443
3.099747
2.431018
1.360793
0.255712
-0.003776
0.011716
0.007843
-0.005067
0.002679
0.027208
0.013007
0.053028
0.197618
0.524236
0.979953
1.546695
1.959809
2.375506
2.792493
3.280484
3.701345
3.737492
3.656160
3.629050
3.512861
3.249501
2.734399
2.019194
1.087105
0.303478
0.022044
-0.014103
-0.016685
-0.041214
0.043991
0.025917
-0.003776
0.377064
1.398232
2.325157
2.760218
3.241755
3.583865
3.348907
2.034686
0.011716
0.007843
0.005261
0.046573
0.005261
-0.001194
0.295732
2.930628
3.795587
3.639378
3.763312
3.710382
3.458640
2.243825
1.101306
0.136942
0.001388
0.022044
-0.008939
0.001388
0.007843
-0.024431
0.058192
0.294441
0.712720
1.156818
1.523457
1.819092
2.073416
2.268354
2.565280
2.782165
2.955157
3.030034
3.124276
3.095874
2.717616
0.486798
-0.006358
0.010425
-0.101890
0.185999
0.621060
0.581040
0.059483
-0.090271
-0.047669
0.032372
0.051737
-0.006358
0.043991
0.325425
1.427924
3.373435
3.809787
3.738783
3.638087
3.812369
3.764603
3.675525
3.764603
3.684562
2.917718
0.622351
0.009134
0.001388
0.003970
0.005261
-0.051542
0.011716
-0.054124
-0.020558
0.016880
-0.156112
0.000097
0.005261
-0.002485
0.329298
2.048887
3.781386
3.759439
3.634214
3.756857
3.812369
3.716837
3.661324
3.808496
3.711673
3.635505
3.680689
3.719419
3.688435
3.691017
3.596775
3.754275
3.631632
3.640669
3.294685
2.526551
1.296244
0.103376
0.027208
-0.007648
0.005261
0.318970
0.222146
0.307351
0.122741
0.200200
0.906367
2.096653
3.729746
3.737492
3.813660
3.663906
3.631632
0.441613
0.003970
0.271204
3.647124
3.794296
3.733619
2.700833
0.003970
0.003970
0.005261
0.002679
0.006552
0.002679
0.007843
0.001388
0.003970
0.014298
-0.043796
0.302187
1.398232
3.089419
3.675525
3.776222
3.653578
2.698251
0.863765
0.006552
-0.020558
0.005261
0.118868
0.495835
0.937351
1.542822
2.095362
2.552370
3.037780
3.679398
3.738783
3.760730
3.814951
3.697472
3.776222
3.729746
3.755566
3.733619
3.794296
3.740074
3.778804
3.737492
3.796878
3.769767
3.813660
3.631632
3.715546
3.756857
3.720710
3.693599
3.660033
3.164296
-0.016685
0.013007
0.007843
-0.003776
0.015589
0.011716
-0.002485
-0.003776
0.007843
0.003970
-0.034759
-0.002485
0.005261
0.006552
0.011716
0.005261
0.002679
0.003970
-0.043796
-0.030886
0.565548
2.010157
3.698763
3.667779
3.754275
3.645833
3.635505
3.698763
3.644542
3.700054
3.228845
1.359502
0.058192
0.003970
-0.028304
-0.015394
-0.012812
0.446777
3.416038
3.681980
3.192698
1.928826
0.462269
0.006552
0.009134
0.002679
0.002679
0.002679
0.005261
-0.014103
0.090466
0.011716
0.001388
0.011716
-0.007648
0.395138
1.837166
3.112657
3.644542
3.709091
3.749111
3.729746
3.728455
3.752984
3.705218
3.669070
3.703927
2.474911
0.024626
0.036245
0.001388
-0.002485
-0.011521
0.003970
-0.002485
0.347372
0.590076
0.566839
0.990281
1.794563
2.418108
3.338579
3.689726
3.576119
2.725362
1.590588
0.446777
-0.002485
-0.045087
0.002679
0.018171
-0.001194
-0.002485
0.396429
2.211551
3.511570
3.660033
3.385054
1.990793
0.561675
1.434379
3.694890
3.811078
3.751693
3.763312
3.812369
3.808496
3.725873
3.772349
3.742656
3.809787
3.736201
3.812369
3.803332
3.804623
3.781386
3.722001
3.647124
3.714255
3.647124
3.747820
3.702636
3.794296
3.689726
3.236591
1.452453
0.006552
-0.007648
0.036245
-0.002485
0.033663
0.018171
0.018171
-0.028304
-0.065743
-0.002485
0.013007
-0.020558
-0.025722
0.007843
0.010425
0.006552
0.003970
0.006552
0.005261
0.392556
0.812126
0.692064
0.085302
0.007843
0.007843
0.056901
0.728212
1.893969
3.290812
3.780095
3.674234
3.657451
3.032616
0.708847
0.006552
0.003970
0.405466
1.186511
2.158620
3.691017
3.752984
3.754275
2.995177
0.280241
-0.010230
-0.005067
0.006552
-0.054124
0.010425
-0.001194
0.005261
0.006552
0.007843
0.058192
0.570712
1.120670
1.030302
1.474400
1.961100
1.924953
1.354338
0.937351
0.623642
0.617187
1.035466
2.793784
3.763312
3.672943
3.723292
3.672943
3.635505
3.812369
3.722001
3.732328
3.662615
3.648415
3.675525
3.483169
0.939933
-0.002485
0.006552
0.001388
0.009134
0.022044
0.001388
0.028499
0.311224
1.657719
0.042700
-0.020558
0.000097
0.006552
0.007843
-0.014103
0.002679
0.003970
-0.042505
0.000097
0.005261
0.005261
-0.011521
0.001388
0.009134
0.036245
0.010425
0.116286
0.311224
0.009134
0.019462
0.054319
0.309933
0.560384
0.282823
-0.006358
0.009134
0.278950
0.810835
1.398232
1.797145
2.212842
2.711161
3.654869
3.640669
3.641960
3.800750
3.740074
3.787841
3.727164
3.787841
3.812369
3.705218
3.776222
3.808496
3.679398
3.782677
3.694890
3.738783
3.643251
2.414235
0.036245
-0.006358
0.109831
0.007843
-0.015394
0.027208
0.020753
-0.016685
0.001388
0.006552
0.006552
0.007843
-0.051542
-0.002485
-0.061870
0.003970
-0.025722
0.235056
2.045014
3.731037
3.632923
3.749111
3.687144
3.722001
3.736201
3.339870
1.274297
0.014298
-0.002485
-0.001194
0.232474
1.857822
3.804623
3.804623
3.795587
3.780095
3.754275
3.650996
3.237882
1.963682
0.377064
-0.003776
0.014298
-0.024431
-0.088980
0.009134
0.063356
0.071101
0.108540
0.015589
0.005261
0.006552
0.042700
0.246675
0.670117
1.205875
1.727432
2.050178
2.369051
2.620792
2.702124
2.542042
2.208969
1.773908
1.489891
1.341428
1.285916
1.050957
0.720466
0.229892
-0.147075
-0.006358
0.013007
-0.006358
-0.015394
-0.001194
0.081429
0.268622
0.637843
0.958007
1.320773
1.665465
2.033395
2.303211
2.576899
2.860915
3.168169
3.457349
3.679398
3.644542
3.679398
3.631632
3.505115
3.310177
3.099747
2.642739
1.950772
0.915404
0.077556
-0.025722
0.164052
0.103376
0.297023
0.489380
0.730794
0.983826
1.270424
1.473109
1.772617
2.007576
2.362596
2.877698
3.478005
3.627759
3.760730
3.650996
3.678107
3.450894
2.955157
2.064379
1.007064
0.147269
0.005261
0.005261
0.007843
0.001388
0.060774
0.219564
0.463560
0.614605
0.723048
0.721757
0.725630
0.658499
0.686900
0.714011
0.810835
0.894748
0.973498
1.026429
1.094851
1.106470
1.181347
1.293662
1.473109
1.473109
1.422760
1.271715
1.217494
1.151654
1.111634
1.194256
1.444707
1.639645
1.852658
2.033395
2.210260
2.354850
2.587227
2.814440
3.071345
3.188825
3.221099
3.009378
2.616919
1.869440
0.942515
0.145978
-0.007648
0.009134
0.038827
0.034954
0.173089
0.439032
0.911531
1.420178
1.896551
2.219297
2.545915
2.948702
3.334706
3.596775
3.693599
3.662615
3.547718
3.080382
2.003703
0.512618
0.003970
0.001388
0.000097
0.002679
0.148560
0.406757
0.652044
0.799216
1.035466
1.119379
1.212330
1.093560
0.973498
0.858601
0.893457
1.017392
1.195547
1.252351
1.360793
1.421469
1.615117
1.856531
2.287719
2.751182
3.293394
3.705218
3.702636
3.661324
3.536099
3.165587
2.637575
1.772617
0.883130
0.266040
0.005261
-0.017976
0.133069
0.237638
0.362864
0.480343
0.631388
0.875384
1.124543
1.365957
1.616408
1.837166
2.361305
3.035198
3.657451
3.634214
3.709091
3.741365
3.698763
3.391509
2.820895
2.642739
3.190116
3.653578
3.630341
3.698763
3.543845
2.509768
0.528109
0.003970
0.002679
0.005261
-0.038632
0.029790
0.013007
0.022044
0.034954
0.006552
0.025917
0.007843
0.033663
0.148560
0.016880
0.002679
0.014298
0.000097
0.113704
0.005261
-0.006358
-0.002485
-0.057997
-0.027013
0.040118
0.825035
2.270936
3.650996
3.808496
3.773640
3.782677
3.632923
3.787841
3.636796
3.675525
3.718128
3.669070
3.785259
3.741365
3.759439
3.636796
3.573538
3.088128
2.289010
1.323355
0.226019
0.016880
-0.019267
0.013007
0.023335
0.111122
0.253130
0.520363
0.756613
1.007064
1.180056
1.367248
1.511838
1.768744
2.092780
2.487821
2.797657
3.193989
3.543845
3.702636
3.662615
3.634214
3.479296
3.113948
2.396161
1.466654
0.299605
0.005261
-0.002485
-0.043796
0.002679
0.161470
0.444195
0.914113
1.065158
1.183929
1.180056
1.155527
0.927023
1.059994
0.914113
1.182638
1.229113
1.448580
1.655137
1.943026
2.255444
2.722780
3.177206
3.771058
3.698763
3.641960
3.698763
3.639378
3.582574
3.182370
2.478784
1.571223
0.591367
0.176962
-0.014103
0.027208
0.050446
0.375773
0.809544
1.185220
1.461490
1.936571
2.536878
3.241755
3.754275
3.724583
3.638087
3.647124
3.444439
3.305013
2.884153
2.211551
1.319482
0.605568
-0.016685
-0.008939
0.016880
0.062065
0.144687
0.015589
0.253130
1.296244
2.238661
3.324378
3.632923
3.692308
3.643251
3.725873
3.772349
3.644542
3.781386
3.759439
3.696181
3.702636
3.689726
3.326960
1.949481
-0.051542
0.007843
-0.012812
0.011716
0.056901
-0.037341
0.009134
-0.030886
-0.076071
-0.034759
0.093048
0.289278
0.650753
0.898621
1.192965
1.443416
1.825547
2.196059
2.557534
2.807985
2.996468
3.076509
3.044235
2.531714
1.766162
0.848273
0.259585
0.007843
0.002679
0.062065
0.226019
0.415794
0.744994
1.100015
1.453744
1.640936
1.777781
1.822965
1.945608
2.004994
2.143129
2.258026
2.492985
2.739563
3.112657
3.485751
3.710382
3.635505
3.765894
3.691017
3.586447
3.170751
2.460710
1.424051
0.495835
-0.016685
0.001388
0.003970
0.055610
-0.043796
0.051737
0.127905
0.383519
0.632679
0.914113
1.155527
1.456326
1.749379
2.451674
3.543845
3.719419
3.654869
3.423784
2.767964
2.223170
1.730014
1.354338
1.129707
1.261388
1.507965
1.864276
2.170239
2.446510
2.504604
2.445219
2.236079
2.127637
1.868149
1.328519
0.096921
-0.161275
0.111122
0.809544
1.478273
2.057924
2.638866
3.667779
3.749111
3.703927
3.742656
3.728455
3.705218
3.693599
3.538681
3.015833
2.597555
1.633191
0.013007
0.009134
-0.011521
0.034954
0.841818
1.981756
3.020997
3.627759
3.802041
3.640669
3.638087
3.694890
3.629050
3.666488
3.436693
2.882862
1.442125
0.009134
0.016880
0.002679
0.005261
0.006552
0.001388
-0.003776
0.002679
0.071101
0.402884
0.672699
0.834072
1.333683
2.014030
2.689214
3.341161
3.738783
3.745238
3.689726
3.727164
3.627759
3.632923
3.261120
2.348395
1.226531
0.229892
0.011716
0.028499
0.204073
0.374482
0.653335
0.871511
1.205875
1.560895
2.108272
2.845423
3.630341
3.718128
3.707800
3.632923
3.574829
2.986140
2.106981
1.940444
2.499440
0.002679
0.005261
0.191163
3.321796
3.790423
3.795587
3.774931
3.718128
3.733619
3.727164
3.795587
3.732328
3.656160
3.663906
3.276612
0.950261
-0.001194
0.003970
0.005261
-0.016685
0.000097
0.007843
-0.002485
0.005261
0.034954
-0.008939
0.003970
-0.006358
0.007843
-0.030886
0.006552
0.016880
0.014298
0.059483
0.260876
0.525527
0.413212
0.082720
-0.010230
-0.008939
0.002679
-0.043796
0.009134
0.060774
0.162761
0.233765
0.160179
0.023335
-0.016685
0.037536
0.120159
0.324134
0.604277
0.849564
0.915404
0.956716
0.902494
0.782433
0.602986
0.506163
0.369318
0.353827
0.309933
0.463560
0.604277
0.797925
0.871511
0.892166
0.879257
0.786306
0.849564
0.933478
1.084523
1.267842
1.351756
1.328519
1.283334
1.143908
1.013519
1.083232
1.080650
1.097433
1.142617
1.315609
1.371121
1.389195
1.332392
1.212330
1.056121
0.857310
0.743703
0.721757
0.743703
0.930896
1.092269
1.243314
1.294953
1.372412
1.285916
1.130998
0.967043
0.907658
0.889584
0.845691
0.910240
1.018683
1.125834
1.223949
1.209748
1.309154
1.412432
1.435670
1.368539
1.328519
1.346592
1.345301
1.152945
0.939933
0.817289
0.876675
0.986408
1.076777
0.849564
0.282823
-0.014103
0.000097
0.015589
-0.060579
0.153724
0.661081
0.897330
0.552638
-0.006358
0.007843
0.013007
0.016880
0.226019
0.551347
1.337555
1.533785
1.416305
1.464072
1.520875
1.504092
1.394359
1.245896
1.035466
0.977371
1.318191
1.828129
2.312247
3.155259
3.765894
3.656160
3.687144
3.754275
3.701345
3.648415
2.969358
2.079871
1.510547
1.563477
2.248989
3.528353
3.767185
3.711673
3.711673
3.641960
3.230136
3.195280
2.662104
0.964461
0.024626
-0.005067
0.001388
0.006552
-0.041214
1.164564
3.071345
3.631632
3.687144
3.701345
3.552882
2.793784
0.040118
0.022044
0.000097
0.006552
0.001388
1.915916
3.581283
2.713743
3.044235
3.754275
3.741365
3.781386
3.749111
3.727164
3.727164
3.729746
3.767185
3.665197
0.041409
0.000097
0.175671
-0.011521
0.084011
0.775978
0.581040
0.050446
0.027208
-0.005067
-0.008939
0.009134
0.130487
0.684318
1.041920
1.212330
1.760998
2.517514
3.285648
3.740074
3.714255
3.676816
3.301140
2.668559
1.679666
0.418376
0.002679
-0.025722
0.051737
0.619769
1.374994
2.011448
2.496858
3.067472
3.631632
3.751693
3.734910
3.738783
3.709091
3.724583
3.681980
3.627759
3.385054
3.175915
2.844132
2.445219
1.922371
1.338846
0.870220
0.773396
0.932187
1.196838
1.377576
1.652555
1.930117
2.299338
2.671141
3.143640
3.661324
3.666488
3.669070
3.536099
2.944829
2.028231
0.794052
0.005261
0.245384
0.897330
1.888805
3.253374
3.658742
3.772349
3.711673
3.660033
3.743947
3.738783
3.736201
3.714255
3.596775
2.938374
1.588006
-0.036050
-0.005067
0.023335
-0.011521
0.009134
0.019462
0.000097
0.003970
0.028499
0.009134
0.006552
0.005261
0.000097
0.003970
0.009134
0.000097
-0.150948
0.022044
-0.006358
0.002679
-0.112218
0.002679
0.003970
0.007843
0.038827
0.716593
1.479564
2.362596
3.396673
3.763312
3.771058
3.689726
3.700054
3.667779
3.608394
3.254665
2.801530
2.030813
0.987699
0.157597
0.010425
0.006552
0.016880
0.081429
0.281532
0.604277
0.890875
1.262678
1.644809
2.212842
3.028743
3.723292
3.551591
3.649706
3.629050
3.785259
3.640669
3.707800
3.712964
3.693599
3.751693
3.672943
3.319214
1.981756
0.007843
0.000097
0.003970
0.000097
0.015589
-0.015394
0.002679
0.015589
0.023335
0.960589
2.322575
2.725362
1.832002
0.210528
0.010425
0.003970
-0.041214
-0.015394
0.010425
0.000097
0.692064
2.445219
3.408292
3.073927
1.390486
0.028499
0.013007
-0.005067
0.003970
0.002679
0.005261
-0.007648
0.005261
0.006552
0.315097
3.339870
3.698763
3.705218
3.630341
3.701345
3.731037
3.632923
3.742656
3.632923
3.742656
3.712964
3.712964
3.337288
2.072125
0.417085
0.009134
0.005261
0.011716
0.003970
0.007843
0.005261
0.010425
-0.003776
0.015589
-0.023140
-0.005067
0.016880
0.022044
-0.002485
-0.003776
0.187290
0.188581
0.538437
0.902494
1.458908
1.514420
0.879257
0.090466
-0.015394
0.006552
0.000097
0.019462
-0.017976
0.009134
0.166634
1.817801
3.790423
3.652287
3.714255
3.632923
3.805914
3.790423
3.600648
2.531714
0.942515
-0.032177
0.001388
0.010425
0.024626
0.009134
-0.033468
0.007843
0.077556
-0.138038
-0.014103
0.014298
0.089175
1.093560
2.068252
1.678375
0.717884
1.679666
2.700833
3.164296
3.456058
3.196571
1.727432
0.013007
0.000097
0.010425
0.018171
0.010425
0.002679
0.010425
0.013007
0.043991
1.287207
3.400546
3.769767
3.647124
3.771058
3.665197
3.683271
3.676816
3.634214
3.155259
1.702904
0.014298
-0.021849
0.002679
0.009134
0.009134
0.134360
0.006552
0.001388
0.010425
0.006552
0.011716
0.009134
0.010425
0.001388
0.704974
2.358723
3.660033
3.647124
3.798169
3.800750
3.662615
3.660033
3.443148
3.746529
3.684562
3.620013
3.325669
3.155259
2.851878
2.398743
1.940444
2.237370
3.063599
3.742656
3.733619
3.656160
3.627759
3.661324
3.501242
3.481878
3.215935
2.935792
2.548497
2.416817
2.211551
2.471038
2.622083
2.797657
2.823477
2.952575
3.024870
3.222390
3.212062
3.430238
3.365689
3.441857
3.399255
3.453476
3.378599
3.297267
2.993886
2.597555
2.113436
1.573805
1.169728
0.923150
0.556511
0.907658
1.589297
2.968067
3.722001
3.746529
3.652287
3.661324
3.252083
2.789911
1.851367
1.098724
0.330589
-0.001194
0.009134
-0.001194
0.009134
0.005261
-0.002485
0.007843
0.010425
-0.015394
0.028499
0.282823
0.628806
1.163273
1.347883
1.604789
1.670629
1.724850
1.631900
1.816510
1.782945
1.828129
1.804891
1.675793
1.577678
1.607371
1.474400
1.285916
1.026429
0.986408
0.859892
1.008355
0.867638
0.942515
0.825035
0.956716
0.854728
0.938642
0.631388
0.321552
0.156306
0.661081
0.078847
0.002679
0.010425
0.000097
0.015589
1.115506
2.574317
3.731037
3.678107
3.716837
3.617431
3.696181
3.467677
3.397964
2.575608
2.016612
0.923150
0.411921
0.009134
0.002679
0.009134
0.121450
0.358991
0.902494
1.373703
1.801018
1.847494
2.069543
1.935280
2.370342
2.558825
2.853169
2.770546
2.540751
1.816510
1.244605
0.494544
0.348663
0.084011
0.220855
0.349954
0.759195
0.910240
1.354338
1.466654
1.869440
2.060506
2.405198
2.534296
2.944829
3.116530
3.394091
3.387636
3.474132
3.277902
3.183661
2.702124
2.441346
1.678375
1.089687
0.448068
0.353827
0.211819
0.348663
0.266040
0.391265
0.382228
0.618478
0.583622
0.175671
0.010425
0.003970
0.007843
0.003970
0.409339
2.449092
3.661324
3.616140
3.710382
3.758148
3.658742
3.696181
3.419911
1.433088
0.009134
0.000097
0.010425
0.894748
2.083743
3.125567
3.567083
2.642739
0.562966
0.005261
-0.005067
0.196327
0.010425
0.007843
1.376285
3.596775
3.773640
3.623886
3.656160
3.538681
3.687144
3.554173
3.734910
3.443148
2.295465
0.237638
0.009134
0.010425
0.009134
-0.003776
0.002679
0.001388
0.562966
1.547986
1.664174
2.150875
2.705997
3.678107
3.705218
3.529644
3.317923
3.258538
3.307595
3.502533
3.326960
1.431797
0.009134
0.007843
0.007843
0.005261
0.006552
0.005261
0.011716
0.001388
0.009134
0.003970
0.010425
-0.129001
0.011716
0.006552
0.010425
0.140815
1.079359
2.693087
3.722001
3.422493
3.521898
3.576119
3.616140
3.577410
3.681980
3.589029
3.669070
3.569665
3.454767
3.676816
3.591611
3.510279
3.711673
3.386345
3.647124
3.533517
3.714255
3.386345
2.301920
0.240220
0.009134
0.003970
0.009134
0.006552
0.003970
-0.008939
-0.014103
-0.011521
0.007843
0.000097
0.006552
0.050446
0.010425
0.003970
0.063356
0.366736
0.720466
1.602207
2.632411
3.148804
3.294685
3.364398
3.360525
2.953866
2.495567
1.585424
0.804380
0.316388
0.009134
0.002679
0.007843
0.005261
-0.008939
0.147269
0.339626
0.486798
0.601695
0.733376
0.943806
1.032884
1.133580
1.185220
1.291080
1.358211
1.522166
1.257515
1.547986
1.395650
1.692576
1.638354
1.717104
1.616408
1.634482
1.478273
1.697740
1.625445
1.794563
1.642227
1.711940
1.480855
1.538949
1.244605
1.124543
0.992863
0.992863
1.058703
1.087105
1.013519
0.942515
0.924441
0.897330
0.786306
0.657208
0.617187
0.664953
0.777269
0.990281
1.207166
1.451162
1.639645
1.997248
2.145711
2.530424
2.755054
3.284357
3.561919
3.626468
3.092001
2.702124
1.697740
0.836654
0.078847
0.006552
0.007843
0.003970
0.006552
0.006552
0.051737
0.089175
0.219564
0.409339
0.661081
0.942515
1.106470
1.584133
1.797145
2.189604
2.400034
2.838968
3.230136
3.574829
3.537390
3.368271
2.715034
2.197350
1.502801
1.043211
0.836654
0.818580
0.930896
1.072904
1.278170
1.580260
1.653846
2.037268
2.295465
2.919009
3.447021
3.675525
3.494788
3.630341
3.498661
3.355361
2.545915
1.686121
0.653335
0.010425
0.003970
-0.001194
-0.074780
0.051737
0.209237
0.291859
0.388683
0.466142
0.488089
0.490671
0.707556
0.924441
1.112924
1.116797
1.059994
1.019974
1.057412
1.147781
1.058703
1.557023
1.602207
1.955936
2.016612
2.440055
2.667268
3.310177
3.259829
3.640669
3.523189
3.617431
3.243046
2.916427
2.019194
1.248478
0.466142
0.027208
0.007843
0.053028
0.174380
0.351245
0.643007
0.884421
1.145199
1.479564
1.732596
1.857822
1.832002
2.194768
2.314829
2.734399
2.897063
3.307595
2.962903
3.328251
2.992595
2.780874
2.081162
1.402105
0.644298
0.095630
0.000097
0.011716
0.250548
0.533273
0.815998
1.119379
1.411141
1.595752
1.585424
1.957227
2.221879
2.636284
2.938374
3.523189
3.539972
3.688435
3.494788
3.519316
3.030034
2.229625
1.146490
0.275077
0.006552
-0.001194
0.009134
0.003970
0.023335
0.034954
0.157597
0.259585
0.353827
0.448068
0.765650
0.877966
0.837945
1.035466
1.336264
1.602207
1.564768
1.624154
1.470527
1.390486
1.071613
1.178765
1.154236
0.995445
0.960589
1.022556
1.087105
1.034175
0.985117
0.992863
1.075486
1.297535
1.407269
1.699031
1.682248
1.886223
1.549277
1.754543
1.542822
1.691285
1.572514
1.749379
1.758416
1.808764
1.782945
2.218006
1.959809
2.360014
2.274809
2.345813
1.964973
1.928826
1.425342
1.252351
1.129707
1.226531
1.194256
1.202002
1.150363
1.238150
1.244605
1.365957
1.232986
1.368539
1.398232
1.582842
1.496346
1.782945
1.665465
1.700322
1.282043
1.226531
1.182638
1.216203
1.156818
1.172310
1.285916
1.382740
1.400814
1.367248
1.256224
1.338846
1.331101
1.288498
1.283334
1.471818
1.473109
1.648682
1.218785
1.879768
1.810055
2.207678
2.140547
2.428436
2.248989
2.332903
1.999830
1.594461
1.101306
0.734667
0.560384
0.484216
0.639134
0.951552
1.180056
1.417596
1.234277
1.336264
1.244605
1.418887
1.211039
1.350465
1.214912
1.358211
1.156818
1.332392
1.322064
1.377576
1.293662
1.509256
1.323355
1.492473
1.513129
1.491182
1.164564
1.365957
1.278170
1.381449
1.159400
1.235568
1.098724
1.114215
1.112924
1.376285
1.303990
1.669338
1.466654
1.684830
1.438252
1.535076
1.254933
1.452453
1.276879
1.616408
1.595752
1.981756
2.051469
2.516223
2.429727
2.665977
2.307083
2.505895
2.340649
2.121182
1.600916
1.125834
0.732085
0.454523
0.391265
0.347372
0.462269
0.493253
0.565548
0.635261
0.541019
0.800507
0.969625
1.207166
1.152945
1.507965
1.280752
1.430506
1.198129
1.417596
1.194256
1.389195
1.129707
1.346592
1.208457
1.582842
1.337555
1.598334
0.888293
1.511838
1.289789
1.448580
1.280752
1.322064
1.136162
1.059994
0.948970
0.800507
0.785015
0.710138
0.646880
0.564257
0.499708
0.396429
0.389974
0.317679
0.298314
0.400302
0.524236
0.426122
0.196327
0.156306
0.297023
0.557802
0.761777
0.973498
1.141326
2.025649
2.796366
3.652287
3.279193
3.724583
3.271448
3.712964
3.232718
3.328251
2.504604
2.147002
1.027720
0.400302
0.073683
-0.047669
-0.001194
-0.002485
0.205364
0.543601
0.785015
1.422760
1.811346
2.159911
2.516223
3.212062
3.594193
3.630341
3.601939
3.555464
2.836386
1.519584
-0.005067
0.010425
0.002679
0.076265
1.167146
2.199932
2.690505
2.851878
2.536878
2.425854
2.711161
3.279193
3.067472
2.357432
2.177985
3.188825
3.478005
3.650996
3.472841
1.981756
0.020753
-0.002485
0.329298
0.969625
0.734667
0.045282
-0.003776
-0.007648
0.016880
-0.015394
0.024626
0.652044
3.658742
3.734910
3.694890
3.807205
3.635505
3.630341
3.785259
3.679398
3.727164
3.687144
3.632923
3.654869
3.716837
3.661324
3.653578
3.226263
2.393579
0.943806
0.007843
-0.010230
-0.001194
0.036245
0.037536
0.001388
-0.027013
-0.027013
-0.008939
-0.010230
0.000097
0.010425
0.005261
-0.068325
0.024626
0.114995
0.276368
0.428704
0.537146
0.513909
0.513909
0.485507
0.578458
0.730794
0.862474
0.959298
0.819871
0.493253
0.144687
0.000097
-0.011521
0.005261
-0.055415
-0.001194
0.045282
0.129196
0.334462
0.556511
0.751449
0.889584
0.992863
1.163273
1.417596
1.913334
2.569153
3.302431
3.684562
3.722001
3.698763
3.727164
3.555464
3.165587
2.561407
1.684830
0.830199
0.287987
0.095630
0.064647
0.142105
0.306060
0.522945
0.803089
1.062576
1.254933
1.475691
1.637063
1.633191
1.706777
1.852658
1.999830
2.223170
2.356141
2.412944
2.360014
2.194768
1.887514
1.589297
1.311736
1.090978
0.901203
0.843109
0.729503
0.676572
0.695937
0.787597
0.805671
0.903785
1.089687
1.238150
1.328519
1.550568
1.659010
1.829420
1.869440
1.859112
1.789399
1.749379
1.622863
1.398232
1.085814
0.849564
0.724339
0.760486
0.788888
0.870220
0.835363
0.751449
0.684318
0.692064
0.774687
0.939933
0.968334
0.910240
0.769523
0.711429
0.828908
0.999318
1.222658
1.318191
1.276879
1.158109
1.023847
1.010937
1.014810
1.189092
1.435670
1.763580
2.077289
2.544624
3.163005
3.718128
3.719419
3.727164
3.616140
3.280484
2.592391
1.674502
0.570712
0.009134
-0.014103
-0.214206
0.002679
0.149851
0.393847
0.706265
1.009646
1.302699
1.430506
1.519584
1.469236
1.469236
1.527330
1.635772
1.715813
1.730014
1.748088
1.717104
1.669338
1.720977
1.767453
1.865567
1.975301
2.114727
2.223170
2.321284
2.350977
2.504604
2.690505
2.842841
2.869952
2.897063
2.729235
2.446510
2.020485
1.482146
1.012228
0.759195
0.675281
0.757904
0.956716
1.266551
1.692576
2.074707
2.367760
2.676305
3.068763
3.430238
3.587738
3.492206
3.090710
2.509768
1.717104
0.892166
0.173089
0.002679
0.007843
0.022044
0.022044
0.147269
0.184708
0.134360
-0.037341
0.015589
0.010425
0.114995
0.291859
0.583622
0.760486
0.983826
1.260097
1.519584
1.651264
1.839748
2.010157
2.260608
2.558825
2.857042
3.101038
3.357943
3.437984
3.506406
3.329542
2.897063
2.248989
1.435670
0.680445
0.273786
0.080138
0.124032
0.293150
0.597822
0.832781
1.005773
1.158109
1.305281
1.349174
1.353047
1.365957
1.354338
1.384031
1.496346
1.567350
1.665465
1.704195
1.843621
1.941735
2.012739
2.078580
2.212842
2.432309
2.686632
2.863497
2.917718
2.797657
2.542042
2.020485
1.358211
0.770814
0.378355
0.187290
0.257003
0.351245
0.541019
0.746285
1.008355
1.202002
1.399523
1.484728
1.615117
1.668047
1.726141
1.788108
1.829420
1.879768
1.856531
1.764871
1.666756
1.513129
1.452453
1.416305
1.351756
1.242023
1.300117
1.349174
1.376285
1.342719
1.363375
1.350465
1.270424
1.222658
1.177474
1.205875
1.258806
1.331101
1.399523
1.363375
1.322064
1.294953
1.327228
1.285916
1.213621
1.132289
1.102597
1.043211
1.052248
1.109052
1.234277
1.400814
1.558314
1.560895
1.655137
1.777781
1.941735
2.082453
2.139256
1.904297
1.847494
1.599625
1.305281
1.074195
0.981244
0.982535
1.038047
1.138744
1.257515
1.234277
1.205875
1.163273
1.141326
1.080650
1.094851
1.130998
1.251060
1.150363
1.088396
1.160691
1.302699
1.418887
1.546695
1.655137
1.656428
1.589297
1.538949
1.553150
1.612535
1.602207
1.577678
1.495055
1.386613
1.351756
1.409851
1.483437
1.518293
1.590588
1.688703
1.617699
1.594461
1.538949
1.507965
1.488600
1.550568
1.713231
1.811346
1.671920
1.504092
1.409851
1.381449
1.374994
1.479564
1.493764
1.493764
1.329810
1.229113
1.147781
1.178765
1.238150
1.422760
1.564768
1.666756
1.736469
1.954645
2.132801
2.268354
2.365178
2.387124
2.250280
2.055342
1.762289
1.502801
1.214912
1.000609
0.960589
1.156818
1.280752
1.498928
1.622863
1.669338
1.718395
1.811346
1.786817
1.839748
1.896551
2.017903
2.228334
2.415526
2.446510
2.289010
1.918498
1.647391
1.412432
1.178765
1.178765
1.136162
1.093560
1.109052
0.964461
0.880548
0.863765
0.861183
0.781142
0.693355
0.557802
0.510036
0.455814
0.544892
0.726921
1.017392
1.137453
1.112924
0.991572
0.960589
1.016101
1.069031
1.040629
1.132289
1.332392
1.628027
1.856531
1.981756
1.988211
1.954645
1.785526
1.564768
1.380158
1.211039
1.318191
1.376285
1.575096
1.678375
1.720977
1.639645
1.664174
1.882350
2.119891
2.419399
2.698251
3.019706
3.268866
3.443148
3.507697
3.465095
3.252083
2.869952
2.256735
1.488600
0.764359
0.287987
0.056901
0.024626
0.046573
0.143396
0.324134
0.568130
0.828908
1.191674
1.403396
1.509256
1.425342
1.488600
1.535076
1.643518
1.748088
1.668047
1.470527
1.434379
1.527330
1.820383
2.322575
2.953866
3.616140
3.709091
3.631632
3.656160
3.259829
2.472329
1.306572
0.235056
0.000097
0.006552
0.006552
0.050446
0.116286
0.284114
0.426122
0.649462
0.817289
1.025138
1.222658
1.395650
1.531203
1.718395
1.875895
2.126346
2.294174
2.427145
2.472329
2.580772
2.755054
2.962903
3.148804
3.311468
3.363107
3.320505
3.057144
2.676305
2.218006
1.615117
1.032884
0.574585
0.215692
0.072392
0.046573
0.197618
0.384810
0.485507
0.552638
0.623642
0.697228
0.702392
0.450650
0.170507
0.003970
0.025917
0.011716
0.195036
0.409339
0.628806
0.840527
1.231695
1.562186
1.932699
2.153457
2.440055
2.664686
2.762800
2.681468
2.476202
2.229625
1.928826
1.305281
0.830199
1.363375
3.467677
3.648415
3.702636
3.714255
3.266284
-0.052833
-0.008939
-0.006358
-0.003776
0.002679
0.010425
0.472597
1.971428
3.804623
3.712964
3.625177
2.472329
0.007843
0.010425
0.055610
0.023335
0.007843
0.344790
0.726921
0.524236
-0.021849
0.125323
0.848273
1.436961
1.746797
2.565280
3.476714
3.428947
2.440055
2.265772
3.678107
3.662615
3.742656
3.665197
3.641960
3.104911
2.096653
1.461490
0.263458
-0.019267
0.003970
0.259585
0.653335
0.726921
0.955425
0.879257
0.040118
0.015589
-0.006358
-0.008939
0.010425
0.304769
1.195547
1.726141
1.812637
2.087616
2.709870
2.996468
3.302431
3.645833
3.683271
3.226263
1.678375
0.027208
0.001388
0.111122
0.703683
1.229113
1.740342
2.127637
2.011448
1.465363
1.708068
3.635505
3.641960
3.774931
3.121694
1.817801
1.252351
0.322843
0.018171
0.025917
3.805914
3.751693
3.705218
3.644542
3.635505
3.658742
3.660033
3.700054
3.719419
3.654869
3.736201
3.783968
3.734910
3.789132
3.750402
3.316632
1.025138
0.027208
0.051737
0.027208
0.001388
-0.001194
0.001388
0.007843
-0.005067
0.009134
0.033663
0.011716
-0.029595
-0.113509
-0.033468
0.013007
0.016880
0.010425
0.000097
0.009134
-0.001194
0.007843
0.022044
0.009134
0.005261
0.009134
0.006552
0.010425
0.006552
0.010425
0.001388
-0.012812
-0.017976
0.028499
-0.032177
0.010425
-0.014103
-0.001194
-0.006358
0.047864
0.379646
0.755322
1.183929
1.720977
2.248989
2.713743
3.270157
3.604521
3.718128
3.634214
3.663906
3.632923
3.387636
2.997759
2.598846
2.091489
1.785526
1.935280
2.924173
3.660033
3.781386
3.697472
3.727164
3.723292
3.470259
1.874604
1.040629
0.028499
0.011716
0.009134
0.001388
-0.012812
0.014298
-0.002485
0.015589
0.015589
0.005261
0.010425
0.007843
0.009134
0.003970
-0.110927
0.043991
0.009134
0.979953
3.565792
3.653578
3.729746
3.645833
3.675525
3.396673
2.472329
1.483437
0.193745
0.630097
2.014030
3.778804
3.679398
3.798169
3.604521
3.803332
3.631632
3.778804
3.629050
3.798169
3.723292
3.697472
3.725873
3.736201
3.698763
3.666488
3.636796
3.667779
3.648415
3.715546
3.653578
3.741365
3.734910
3.630341
3.714255
3.720710
3.634214
3.663906
3.613558
3.543845
3.388927
3.244337
2.895772
2.684050
2.202514
1.704195
1.325937
1.261388
1.137453
1.222658
0.923150
0.007843
-0.052833
0.369318
2.378088
3.793005
3.723292
3.634214
3.667779
3.547718
2.680177
1.047084
0.007843
0.051737
0.016880
-0.032177
0.608150
2.841550
3.700054
3.222390
1.635772
0.050446
0.009134
0.080138
0.560384
1.209748
1.307863
0.932187
0.082720
-0.012812
-0.134165
0.002679
0.591367
2.228334
3.357943
3.734910
3.703927
3.800750
3.636796
3.709091
3.494788
2.456837
1.194256
0.300896
0.084011
0.223437
0.010425
-0.045087
0.142105
0.422249
1.059994
1.606080
1.791981
1.855240
1.631900
1.669338
1.686121
1.626736
1.320773
0.885712
0.626224
0.411921
0.113704
0.005261
0.009134
0.018171
0.007843
0.001388
0.117577
0.531982
0.937351
1.678375
2.171530
2.971940
3.733619
3.671652
3.356652
3.650996
3.623886
3.738783
3.481878
3.759439
3.578701
3.764603
3.759439
3.725873
3.587738
2.366469
0.002679
0.024626
0.010425
0.001388
0.003970
-0.006358
0.013007
-0.005067
0.006552
0.009134
0.009134
0.002679
0.103376
0.972207
1.456326
1.439543
0.643007
-0.015394
0.007843
0.006552
0.006552
0.003970
0.007843
-0.012812
0.006552
0.007843
-0.010230
0.007843
0.016880
-0.007648
0.014298
0.005261
0.174380
1.905588
3.679398
3.803332
3.547718
3.647124
3.594193
3.750402
3.565792
3.443148
2.561407
1.429215
0.112413
0.006552
0.014298
0.572003
1.447289
2.336776
3.089419
3.720710
3.707800
3.660033
3.603230
3.763312
3.527062
3.684562
3.307595
3.667779
3.723292
3.541263
3.392800
2.795075
1.666756
0.528109
0.001388
0.034954
0.064647
0.470015
0.799216
1.573805
1.864276
2.035977
1.737760
1.119379
0.333171
0.033663
0.015589
0.535855
1.178765
1.915916
2.842841
3.733619
3.771058
3.669070
3.157841
2.208969
1.027720
0.162761
0.001388
0.102085
0.290569
0.728212
1.084523
1.253642
0.925732
1.364666
1.673211
1.953354
2.043723
1.675793
1.154236
1.385322
1.185220
1.214912
2.150875
3.709091
3.660033
3.587738
2.187022
0.503581
0.011716
0.140815
0.671408
1.364666
1.971428
3.129439
3.609685
3.731037
3.543845
3.752984
3.678107
3.643251
3.762021
3.702636
3.519316
3.674234
3.621304
3.702636
3.758148
3.493497
1.018683
0.014298
0.014298
-0.001194
-0.002485
0.005261
0.051737
0.009134
0.009134
0.033663
0.010425
0.003970
0.009134
-0.007648
0.003970
0.047864
0.011716
0.196327
0.231183
0.484216
0.344790
0.138233
0.007843
0.001388
-0.014103
0.010425
0.009134
-0.003776
-0.020558
0.050446
0.025917
0.037536
0.010425
0.184708
0.414503
0.358991
0.011716
0.006552
0.009134
-0.002485
0.009134
0.005261
0.007843
0.023335
0.009134
-0.042505
-0.037341
0.003970
0.800507
2.451674
3.392800
3.707800
3.707800
3.675525
3.731037
3.647124
3.541263
3.649706
3.335997
3.163005
2.594973
1.793272
0.725630
-0.023140
0.006552
-0.003776
0.007843
-0.002485
0.124032
0.472597
0.841818
1.164564
1.284625
1.372412
1.400814
1.200711
1.112924
1.159400
1.047084
1.374994
1.386613
1.393068
1.337555
1.225240
1.159400
1.084523
0.859892
0.600404
0.409339
0.552638
0.714011
1.032884
1.271715
1.373703
1.455035
1.599625
1.688703
1.824256
1.744215
1.813928
1.888805
2.214133
2.582063
3.062308
3.541263
3.689726
3.702636
3.742656
3.674234
3.667779
3.549009
3.104911
2.429727
1.575096
0.544892
-0.002485
0.011716
0.072392
0.214401
0.431286
0.419667
0.741121
0.861183
0.985117
1.127125
1.242023
1.297535
1.475691
1.693867
1.581551
1.582842
1.480855
1.344010
1.576387
1.921080
2.356141
2.802821
3.324378
3.665197
3.630341
3.614849
3.547718
3.280484
2.662104
1.682248
0.777269
0.129196
0.011716
0.009134
0.005261
0.011716
0.056901
0.176962
0.191163
0.045282
0.324134
0.383519
0.698519
0.937351
1.310445
1.639645
2.023067
2.340649
2.731817
2.841550
3.124276
3.059726
2.700833
1.992084
1.115506
0.389974
0.006552
0.011716
0.187290
0.441613
1.070322
1.585424
2.097944
2.629829
3.281775
3.616140
3.654869
3.640669
3.489624
2.935792
2.043723
0.614605
0.015589
0.000097
0.031081
0.024626
0.511327
1.287207
2.059215
2.400034
2.066961
0.460978
0.046573
0.011716
-0.003776
0.006552
0.007843
0.036245
1.172310
3.119112
3.719419
3.738783
3.627759
3.729746
3.679398
3.607103
3.414747
3.281775
3.631632
3.356652
3.693599
3.616140
3.712964
3.716837
3.674234
3.502533
3.691017
3.589029
3.338579
3.283066
3.457349
3.749111
3.532226
2.431018
0.003970
0.011716
0.034954
0.014298
0.020753
0.010425
0.211819
0.446777
0.391265
0.011716
0.001388
-0.002485
0.006552
0.010425
0.009134
0.566839
2.798948
3.539972
3.745238
3.666488
3.711673
3.678107
3.694890
3.681980
3.660033
3.605812
3.671652
3.652287
3.688435
3.639378
3.694890
3.605812
3.369562
2.762800
2.003703
1.111634
0.769523
0.668826
1.213621
1.835875
2.583354
3.466386
3.649706
3.701345
3.648415
3.556755
3.396673
3.077800
2.736981
2.287719
1.643518
0.857310
0.831490
0.645589
0.685609
0.706265
0.786306
0.857310
1.242023
1.538949
2.039850
2.456837
2.990013
3.549009
3.678107
3.617431
3.683271
3.634214
3.395382
2.869952
2.017903
0.954134
0.085302
0.037536
-0.015394
0.014298
0.046573
0.112413
0.356409
0.560384
0.800507
0.964461
1.223949
1.593170
1.962391
2.374215
2.961612
3.453476
3.762021
3.687144
3.687144
3.288230
3.187534
2.416817
1.231695
0.015589
0.000097
0.007843
0.006552
0.002679
-0.003776
0.029790
0.178253
0.409339
0.698519
0.818580
0.985117
1.074195
1.278170
1.457617
1.656428
1.767453
1.822965
1.531203
1.886223
1.833293
1.811346
1.638354
1.586715
1.498928
1.458908
1.487309
1.651264
1.732596
1.789399
1.718395
1.786817
1.700322
1.745506
1.834584
1.931408
1.895260
1.984338
1.994666
2.121182
2.039850
2.035977
1.891387
1.759707
1.560895
1.341428
1.258806
1.316900
1.319482
1.452453
1.550568
1.643518
1.733887
1.847494
1.839748
1.958518
1.843621
2.150875
2.104399
1.964973
1.754543
1.626736
1.549277
1.461490
1.273006
1.180056
1.208457
1.180056
1.217494
1.351756
1.473109
1.642227
1.720977
1.695158
1.635772
1.540240
1.523457
1.701613
1.575096
1.417596
1.279461
1.194256
1.191674
1.128416
1.023847
1.109052
1.158109
1.183929
1.044502
1.080650
1.118088
1.111634
1.098724
1.221367
1.211039
1.310445
1.278170
1.409851
1.514420
1.532494
1.500219
1.653846
1.606080
1.730014
1.595752
1.399523
1.169728
1.152945
1.118088
1.216203
1.316900
1.471818
1.626736
1.741633
1.700322
1.693867
1.558314
1.666756
1.693867
1.643518
1.577678
1.660301
1.487309
1.542822
1.424051
1.362084
1.257515
1.273006
1.149072
1.227822
1.356920
1.389195
1.345301
1.398232
1.356920
1.267842
1.120670
1.056121
0.991572
1.036757
0.991572
1.052248
1.141326
1.263969
1.154236
1.283334
1.207166
1.226531
1.165855
1.129707
0.963170
1.097433
1.098724
1.198129
1.128416
1.263969
1.496346
1.612535
1.447289
1.473109
1.322064
1.385322
1.391777
1.470527
1.439543
1.457617
1.350465
1.495055
1.621572
1.665465
1.529912
1.356920
1.293662
1.424051
1.519584
1.553150
1.489891
1.469236
1.436961
1.483437
1.580260
1.700322
1.708068
1.766162
1.657719
1.626736
1.542822
1.576387
1.626736
1.666756
1.564768
1.514420
1.449871
1.403396
1.177474
1.079359
1.078068
1.165855
1.168437
1.300117
1.497637
1.670629
1.706777
2.135383
2.410362
2.792493
3.197862
3.556755
3.648415
3.599357
3.586447
3.328251
2.476202
1.368539
0.045282
0.006552
0.007843
0.002679
0.009134
0.009134
0.104667
0.406757
0.862474
1.347883
1.609953
1.950772
0.557802
-0.012812
0.506163
2.090198
3.568374
3.687144
3.638087
3.666488
3.658742
3.733619
3.675525
3.669070
2.980976
2.042432
0.497126
-0.008939
0.010425
-0.057997
0.034954
0.006552
0.007843
0.005261
0.019462
0.107249
0.343499
0.460978
0.362864
0.047864
0.010425
-0.005067
0.010425
0.002679
0.007843
-0.011521
0.013007
0.000097
0.018171
0.002679
0.018171
0.011716
0.006552
0.000097
0.032372
0.029790
-0.055415
0.014298
0.009134
0.002679
0.010425
0.015589
-0.010230
0.016880
0.011716
-0.070907
0.167925
1.136162
2.432309
3.669070
3.714255
3.630341
3.670361
3.703927
3.390218
3.434111
3.638087
3.685853
3.765894
3.652287
3.742656
3.714255
3.712964
3.658742
3.702636
3.701345
3.613558
3.774931
3.518025
3.771058
3.600648
3.769767
3.754275
3.715546
3.591611
3.650996
3.419911
3.693599
3.662615
3.293394
2.783456
2.433600
2.290301
0.282823
-0.027013
0.014298
0.009134
-0.052833
0.007843
0.007843
0.007843
0.027208
0.009134
0.220855
0.706265
0.834072
0.045282
-0.034759
0.001388
0.209237
1.310445
3.636796
3.774931
3.803332
3.722001
3.658742
3.648415
3.641960
3.638087
3.782677
3.626468
3.698763
3.084255
1.873313
1.535076
1.740342
1.915916
3.215935
3.705218
3.635505
2.565280
0.400302
0.009134
0.003970
0.013007
0.010425
0.010425
0.005261
0.010425
0.022044
0.000097
-0.008939
0.031081
0.741121
1.310445
1.493764
0.528109
0.005261
0.009134
0.007843
0.263458
0.874093
0.786306
0.892166
0.877966
1.621572
2.363887
3.622595
3.678107
3.689726
3.719419
3.675525
3.568374
3.620013
3.341161
3.070054
2.394870
1.529912
0.719175
0.450650
0.204073
0.286696
0.361573
0.639134
0.920568
1.642227
2.028231
2.974522
3.688435
3.711673
3.773640
3.718128
3.567083
3.658742
3.432820
3.165587
2.600137
2.039850
1.621572
1.786817
1.748088
1.634482
1.405978
1.341428
1.190383
1.274297
1.293662
1.585424
1.638354
1.901715
1.851367
1.937862
1.801018
1.873313
1.708068
1.684830
1.590588
1.550568
1.420178
1.515711
1.560895
1.638354
1.709358
1.901715
1.959809
2.307083
2.445219
2.786038
2.846714
3.306304
3.324378
3.397964
3.190116
2.940956
2.443928
1.954645
1.341428
1.061285
0.818580
0.902494
0.914113
1.211039
1.253642
1.651264
1.760998
2.002412
2.176694
2.299338
2.292883
2.312247
2.194768
1.915916
1.509256
1.393068
1.187801
1.169728
1.031593
0.858601
0.475179
1.016101
1.404687
1.600916
1.558314
1.664174
1.598334
1.994666
2.075998
2.313538
2.258026
2.398743
2.298047
2.301920
2.051469
1.959809
1.684830
1.662883
1.533785
1.620281
1.588006
1.764871
1.754543
1.799727
1.594461
1.730014
1.576387
1.848785
1.810055
1.959809
1.864276
2.092780
2.127637
2.139256
2.078580
2.056633
1.891387
1.948190
1.726141
1.804891
1.504092
1.586715
1.500219
1.562186
1.547986
1.661592
1.566059
1.673211
1.571223
1.661592
1.509256
1.571223
1.448580
1.554441
1.501510
1.482146
1.356920
1.359502
1.147781
1.074195
0.773396
0.814707
0.717884
0.645589
0.389974
0.333171
0.047864
0.001388
0.006552
0.005261
0.005261
0.006552
0.009134
0.108540
0.231183
0.652044
0.852146
1.345301
1.582842
1.933989
2.285137
2.636284
2.761509
3.303722
3.414747
3.614849
3.534808
3.462513
3.277902
3.274030
3.064890
2.189604
2.620792
2.491694
2.112145
2.051469
1.786817
1.739051
1.408560
1.777781
2.533005
3.169460
3.310177
3.632923
3.581283
3.508988
3.063599
2.696960
2.211551
1.755834
1.434379
1.364666
1.171019
1.220076
1.155527
1.158109
0.848273
0.754031
0.440323
0.481634
0.537146
1.049666
1.239441
1.713231
1.899133
2.045014
1.997248
2.143129
2.046305
2.147002
1.974010
1.971428
1.789399
1.742924
1.506674
1.408560
1.251060
1.103888
0.938642
1.001900
0.801798
0.908949
0.720466
0.990281
0.973498
1.239441
1.089687
1.334974
1.213621
1.384031
1.232986
1.408560
1.315609
1.204584
0.985117
1.558314
2.573026
3.746529
3.572247
3.687144
3.661324
3.648415
3.468968
3.675525
3.141058
2.260608
1.098724
0.287987
0.009134
0.005261
0.010425
0.006552
0.010425
0.002679
0.010425
-0.010230
0.010425
0.055610
0.082720
0.275077
0.358991
0.670117
0.751449
0.991572
1.021265
1.507965
2.104399
2.891899
3.397964
3.383763
2.527842
1.926244
1.074195
0.666244
0.247966
0.553929
0.619769
0.871511
0.858601
1.069031
1.007064
1.052248
0.738540
0.799216
0.569421
0.577167
0.428704
0.411921
0.368027
0.510036
0.497126
0.715302
0.631388
0.748867
0.604277
0.537146
0.324134
0.470015
0.375773
0.839236
0.792761
0.923150
0.664953
0.463560
0.538437
1.315609
1.742924
1.708068
0.619769
-0.007648
0.006552
0.009134
0.007843
-0.001194
0.009134
-0.001194
0.019462
0.002679
0.009134
-0.005067
0.037536
0.320261
0.562966
1.177474
1.931408
3.126858
3.662615
3.736201
3.622595
3.676816
3.582574
3.703927
3.598066
3.670361
3.596775
3.561919
3.576119
3.390218
3.177206
3.013251
2.956448
3.046817
3.148804
3.319214
3.405710
3.507697
3.268866
2.956448
2.474911
1.939153
1.589297
1.442125
1.121961
1.235568
1.159400
1.069031
0.759195
0.699810
0.748867
1.270424
1.417596
1.844912
1.566059
1.940444
1.839748
1.803600
1.540240
1.196838
0.991572
1.711940
2.780874
3.703927
3.585156
3.252083
2.653067
2.511059
2.081162
1.495055
0.491962
0.001388
0.009134
0.028499
0.148560
1.390486
1.486018
0.965752
0.025917
-0.010230
0.010425
0.158888
0.701101
1.318191
1.354338
1.460199
1.220076
1.177474
1.034175
1.097433
0.988990
1.039338
0.796634
1.305281
1.220076
1.467945
1.236859
1.371121
1.284625
1.868149
2.103108
2.190895
1.497637
1.133580
0.826326
0.476470
0.071101
0.007843
0.015589
0.192454
0.210528
0.188581
0.010425
0.054319
0.272495
0.894748
1.391777
2.400034
3.355361
3.714255
3.607103
3.700054
3.439275
3.587738
3.280484
3.407001
3.036489
2.218006
0.794052
-0.002485
3.356652
3.710382
3.654869
3.681980
3.631632
3.643251
3.669070
3.700054
3.542554
3.697472
3.490915
3.754275
3.622595
3.672943
3.547718
3.706509
3.512861
3.736201
3.559337
3.738783
3.641960
3.641960
3.590320
3.678107
3.512861
3.373435
3.281775
2.993886
2.699542
2.513641
1.891387
0.849564
0.022044
0.003970
-0.012812
0.002679
0.041409
-0.033468
0.010425
0.009134
0.009134
0.002679
0.010425
0.002679
0.010425
0.000097
0.015589
0.006552
2.051469
3.666488
3.614849
3.654869
3.732328
3.644542
3.631632
3.755566
3.523189
3.783968
3.644542
3.746529
3.523189
3.782677
3.681980
3.630341
3.650996
3.772349
3.689726
3.706509
3.669070
3.577410
3.613558
3.632923
2.851878
2.099235
1.194256
-0.015394
0.009134
0.005261
0.007843
0.003970
0.009134
0.013007
0.003970
0.023335
0.009134
0.002679
-0.001194
-0.005067
-0.006358
0.005261
0.007843
0.002679
0.010425
-0.006358
0.009134
0.002679
0.007843
0.005261
0.019462
0.006552
0.009134
0.090466
0.009134
0.015589
0.014298
0.006552
0.007843
-0.023140
0.010425
0.001388
0.009134
0.022044
0.014298
0.000097
0.009134
-0.006358
0.014298
0.016880
0.010425
-0.063161
0.010425
0.016880
0.009134
0.001388
0.009134
-0.020558
0.009134
0.005261
0.009134
0.022044
0.009134
0.041409
0.049155
0.233765
0.259585
0.568130
0.880548
2.242534
3.449603
3.727164
3.658742
2.545915
0.724339
0.011716
0.010425
0.015589
-0.001194
0.073683
0.122741
1.030302
1.351756
0.996736
0.592658
0.704974
0.605568
0.812126
1.417596
2.702124
1.881059
1.660301
0.990281
0.832781
0.911531
1.824256
2.600137
2.753764
2.281264
2.168948
1.983047
2.427145
2.471038
3.077800
3.248210
3.643251
3.653578
3.696181
3.746529
3.658742
3.503824
3.666488
3.630341
3.635505
3.525771
3.749111
3.672943
3.656160
3.592902
3.773640
3.595484
3.754275
3.683271
3.764603
3.452185
3.750402
3.579992
3.589029
3.088128
2.938374
2.624665
2.388415
2.081162
1.919789
1.693867
1.622863
1.030302
0.748867
0.060774
0.007843
0.007843
0.002679
0.009134
0.003970
0.009134
0.002679
0.009134
0.009134
0.009134
0.007843
0.009134
0.135651
0.502290
0.985117
0.889584
0.742412
0.328007
0.353827
0.267331
0.531982
0.778560
1.699031
1.971428
1.781654
1.569932
1.736469
1.495055
1.616408
1.391777
1.496346
1.257515
1.176183
0.956716
1.092269
1.047084
1.147781
1.484728
1.993375
1.350465
1.436961
3.347616
3.777513
3.648415
3.697472
3.541263
3.752984
3.711673
3.648415
3.062308
3.271448
3.259829
3.210771
2.793784
2.632411
2.256735
2.156039
1.985629
2.117309
2.038559
1.790690
1.545404
1.154236
0.204073
-0.016685
0.010425
0.045282
0.009134
0.001388
0.010425
0.009134
0.009134
0.005261
0.010425
-0.012812
0.009134
0.005261
0.010425
0.005261
0.010425
0.001388
0.010425
-0.036050
0.011716
0.996736
3.715546
3.649706
3.608394
3.706509
3.660033
3.736201
2.908681
2.726653
2.898354
2.957739
2.686632
2.664686
2.286428
1.850076
1.440834
1.373703
0.916695
0.772105
0.117577
0.003970
0.010425
0.011716
0.009134
0.000097
0.009134
0.006552
0.009134
0.001388
0.007843
-0.034759
0.003970
-0.007648
0.010425
-0.016685
0.007843
0.037536
0.007843
0.001388
-0.002485
0.020753
0.010425
-0.002485
0.011716
0.013007
-0.070907
-0.027013
0.015589
0.005261
0.007843
0.007843
0.010425
0.001388
0.009134
0.006552
0.010425
0.002679
0.010425
0.002679
0.034954
3.790423
3.502533
3.764603
3.528353
3.707800
3.546427
3.640669
3.693599
3.688435
3.669070
3.661324
3.421202
3.635505
3.617431
3.786550
3.665197
3.206898
2.028231
1.103888
0.010425
0.009134
0.011716
-0.006358
0.010425
1.835875
3.657451
3.112657
1.995957
1.048375
0.010425
0.001388
0.009134
0.006552
0.023335
-0.046378
0.009134
0.003970
0.010425
-0.006358
0.007843
-0.006358
-0.019267
0.009134
0.009134
0.000097
0.010425
0.001388
0.014298
-0.017976
0.009134
-0.099308
0.009134
-0.002485
-0.028304
0.022044
0.010425
-0.002485
0.010425
0.010425
0.010425
0.000097
0.010425
0.003970
0.010425
0.005261
0.018171
0.179544
0.089175
0.338335
0.116286
0.340917
0.131778
0.377064
0.395138
0.568130
0.635261
0.772105
0.777269
0.946388
0.955425
1.460199
1.661592
1.697740
1.427924
1.338846
1.017392
1.116797
1.022556
0.948970
1.005773
1.123252
1.653846
1.772617
1.559605
1.533785
1.467945
2.277391
1.974010
2.156039
2.021776
2.127637
2.007576
2.103108
1.958518
2.132801
1.919789
1.811346
2.212842
2.712452
2.348395
2.248989
2.179276
2.144420
1.857822
1.901715
1.704195
1.874604
1.731305
1.597043
1.256224
1.128416
1.063867
1.168437
1.107761
1.163273
0.884421
1.022556
1.079359
1.265260
1.100015
1.067740
0.681736
0.339626
0.113704
0.147269
0.152433
0.495835
0.479052
0.694646
0.269913
-0.041214
0.006552
0.020753
-0.021849
0.036245
0.020753
0.162761
0.024626
0.117577
0.065938
0.045282
0.144687
0.317679
0.211819
0.349954
0.786306
0.948970
0.979953
1.112924
1.056121
1.137453
1.140035
1.639645
1.782945
1.788108
1.669338
1.713231
1.580260
1.633191
1.540240
1.535076
1.196838
1.384031
1.424051
1.452453
1.171019
1.221367
1.018683
1.257515
1.297535
1.492473
1.402105
1.413723
1.283334
1.298826
0.955425
1.231695
1.471818
1.776490
1.621572
1.350465
1.063867
0.969625
0.769523
0.765650
0.801798
0.834072
0.543601
0.972207
0.982535
1.058703
1.001900
1.059994
1.036757
1.168437
1.013519
1.100015
0.879257
1.147781
1.141326
1.235568
1.223949
1.398232
1.363375
1.338846
1.191674
1.141326
0.917986
0.979953
0.946388
1.059994
1.182638
1.221367
1.109052
1.221367
1.305281
1.692576
1.801018
1.730014
1.514420
1.669338
1.726141
1.812637
1.735178
1.857822
1.731305
1.784235
1.731305
1.750670
1.695158
1.758416
1.606080
1.851367
1.772617
1.704195
1.529912
1.726141
1.753252
1.728723
1.718395
1.754543
1.791981
1.706777
1.509256
1.452453
1.341428
1.407269
1.282043
1.474400
1.345301
1.723559
1.779072
1.693867
1.577678
1.492473
1.185220
0.963170
0.796634
0.840527
0.739830
0.690773
0.695937
0.757904
0.890875
0.792761
0.628806
0.657208
0.537146
0.596531
0.539728
0.500999
0.572003
0.733376
0.188581
0.007843
0.009134
0.009134
0.009134
0.059483
0.069810
0.247966
0.508745
0.867638
1.121961
1.484728
1.666756
1.719686
1.788108
1.873313
1.832002
1.846203
1.953354
2.086325
1.966264
2.087616
2.068252
2.097944
2.086325
2.017903
2.052760
2.144420
2.091489
2.171530
1.998539
2.190895
2.176694
2.392288
2.418108
2.313538
2.290301
2.535587
2.228334
2.394870
2.113436
2.248989
2.239952
2.176694
2.202514
3.002923
2.502022
2.256735
2.278682
2.220588
1.963682
2.238661
2.167657
2.118600
2.125055
2.360014
2.230916
2.388415
2.305793
2.242534
2.256735
2.184440
2.034686
2.087616
2.078580
2.108272
1.986920
1.988211
1.939153
1.819092
2.001121
1.961100
1.726141
1.891387
1.828129
2.003703
1.865567
1.890096
1.926244
1.768744
1.713231
1.496346
1.010937
0.559093
0.315097
0.222146
0.233765
0.365446
0.706265
0.846982
0.694646
0.609441
0.683027
0.792761
0.823744
1.101306
1.123252
1.116797
1.084523
1.010937
0.637843
0.952843
0.952843
1.032884
0.999318
1.159400
1.251060
1.296244
1.216203
1.443416
1.413723
1.445998
1.400814
1.377576
1.386613
1.507965
1.976592
1.983047
1.680957
1.777781
1.732596
1.730014
1.708068
1.732596
1.511838
1.655137
1.758416
1.742924
1.595752
1.584133
1.569932
1.611244
1.661592
1.661592
1.611244
1.557023
1.367248
1.478273
1.266551
1.389195
1.376285
1.467945
1.501510
1.484728
1.519584
1.504092
1.453744
1.444707
1.336264
1.559605
1.668047
1.877186
1.941735
1.803600
1.624154
1.621572
1.653846
1.661592
1.462781
1.602207
1.476982
1.567350
1.442125
1.440834
1.257515
1.283334
0.729503
1.239441
1.234277
1.262678
0.987699
1.121961
1.100015
0.938642
0.728212
0.782433
0.649462
0.884421
1.004482
1.078068
1.199420
1.296244
1.289789
1.373703
1.514420
1.629318
1.403396
1.396941
1.171019
1.260097
1.058703
1.066449
0.893457
1.121961
1.127125
1.147781
1.185220
1.248478
1.718395
1.980465
1.768744
1.728723
1.731305
1.655137
1.873313
1.793272
1.551859
1.519584
1.489891
1.603498
1.648682
1.674502
1.571223
1.440834
1.301408
1.517002
1.487309
1.502801
1.417596
1.496346
1.298826
1.220076
1.127125
1.249769
1.327228
1.461490
1.695158
1.820383
1.834584
1.662883
1.374994
1.384031
1.316900
1.143908
0.960589
1.345301
1.555732
1.591879
1.568641
1.564768
1.345301
1.244605
1.226531
1.262678
1.271715
1.287207
1.094851
1.019974
0.803089
1.013519
1.236859
1.560895
1.448580
1.550568
1.469236
1.748088
1.573805
1.501510
1.461490
1.847494
2.028231
1.767453
1.788108
1.802309
1.613826
1.702904
1.674502
1.771326
1.447289
1.758416
1.646100
1.668047
1.679666
1.501510
1.427924
1.524748
1.585424
1.584133
1.598334
1.563477
1.456326
1.451162
1.442125
1.520875
1.473109
1.407269
1.318191
1.332392
1.413723
1.391777
1.256224
1.202002
1.097433
1.180056
0.987699
1.093560
0.942515
1.081941
1.150363
1.181347
1.161982
1.014810
1.018683
1.112924
1.248478
1.367248
1.625445
1.844912
1.551859
1.643518
1.648682
1.655137
1.720977
1.670629
1.624154
1.527330
1.409851
1.254933
1.204584
1.381449
1.505383
1.404687
1.415014
1.553150
1.590588
1.595752
1.618990
1.692576
1.727432
1.766162
1.730014
1.581551
1.545404
1.584133
1.509256
1.435670
1.478273
1.600916
1.686121
1.659010
1.728723
1.586715
1.531203
1.514420
1.637063
1.518293
1.491182
1.442125
1.506674
1.433088
1.340137
1.222658
1.105179
0.995445
0.921859
0.908949
0.915404
0.948970
0.943806
0.903785
1.004482
0.960589
1.001900
1.054830
1.212330
1.289789
1.355629
1.270424
1.306572
1.391777
1.493764
1.532494
1.602207
1.757125
1.727432
1.642227
1.363375
1.364666
1.482146
1.482146
1.460199
1.393068
1.356920
1.195547
1.249769
1.257515
1.351756
1.355629
1.296244
1.298826
1.482146
1.745506
1.784235
1.625445
1.626736
1.599625
1.702904
1.735178
1.748088
1.617699
1.550568
1.510547
1.442125
1.349174
1.344010
1.167146
1.152945
1.182638
1.194256
1.229113
1.285916
1.267842
1.385322
1.417596
1.371121
1.384031
1.380158
1.426633
2.552370
3.803332
3.720710
3.691017
3.772349
3.680689
3.631632
3.527062
3.132021
3.101038
2.980976
2.881571
2.717616
2.558825
2.443928
2.243825
2.130219
2.081162
1.936571
1.758416
1.488600
1.089687
0.521654
-0.064452
-0.012812
0.025917
0.003970
0.002679
0.014298
-0.003776
0.009134
0.018171
-0.005067
0.010425
0.010425
0.002679
0.002679
0.007843
0.013007
0.001388
0.003970
-0.001194
0.028499
0.000097
-0.021849
0.011716
0.365446
0.002679
3.672943
3.636796
3.712964
3.679398
3.629050
3.657451
3.720710
0.029790
0.006552
0.050446
0.222146
3.705218
3.636796
3.638087
2.252862
0.032372
3.691017
-0.006358
0.002679
0.054319
3.693599
0.006552
0.005261
0.005261
-0.002485
3.764603
0.077556
0.037536
-0.048960
0.006552
1.638354
3.789132
3.670361
3.627759
3.736201
3.751693
3.698763
3.782677
3.653578
3.780095
3.653578
3.537390
3.712964
3.689726
3.742656
3.463804
0.006552
0.005261
0.002679
0.919277
2.269645
3.519316
3.790423
3.712964
1.618990
0.002679
0.002679
0.018171
0.019462
0.002679
-0.002485
-0.002485
0.007843
0.011716
3.782677
3.752984
3.006796
0.009134
-0.006358
0.050446
0.005261
0.002679
0.069810
3.676816
2.983558
2.038559
3.130730
2.766673
1.227822
0.014298
0.034954
0.002679
-0.006358
0.019462
0.671408
3.722001
3.745238
3.636796
3.749111
3.771058
3.706509
3.688435
3.645833
3.776222
3.650996
3.645833
3.781386
3.684562
3.687144
3.746529
3.701345
3.629050
3.676816
3.742656
3.780095
3.718128
3.648415
3.745238
3.765894
3.640669
3.741365
3.709091
