1.408560
1.404687
1.396941
1.400814
1.395650
1.399523
1.403396
1.408560
1.405978
1.411141
1.407269
1.408560
1.413723
1.411141
1.411141
1.411141
1.405978
1.407269
1.400814
1.402105
1.399523
1.404687
1.411141
1.418887
1.416305
1.418887
1.418887
1.416305
1.408560
1.415014
1.417596
1.422760
1.411141
1.408560
1.399523
1.402105
1.404687
1.398232
1.390486
1.389195
1.390486
1.395650
1.398232
1.403396
1.408560
1.415014
1.409851
1.422760
1.415014
1.411141
1.415014
1.418887
1.403396
1.396941
1.404687
1.404687
1.409851
1.413723
1.417596
1.429215
1.430506
1.433088
1.426633
1.424051
1.416305
1.415014
1.418887
1.420178
1.412432
1.417596
1.403396
1.403396
1.396941
1.400814
1.402105
1.404687
1.399523
1.405978
1.404687
1.407269
1.412432
1.424051
1.424051
1.424051
1.417596
1.409851
1.399523
1.376285
1.399523
1.404687
1.404687
1.413723
1.405978
1.411141
1.408560
1.411141
1.404687
1.402105
1.399523
1.403396
1.405978
1.403396
1.407269
1.416305
1.412432
1.415014
1.411141
1.413723
1.415014
1.416305
1.413723
1.396941
1.412432
1.411141
1.407269
1.411141
1.411141
1.408560
1.405978
1.402105
1.394359
1.405978
1.408560
1.404687
1.402105
1.413723
1.411141
1.415014
1.408560
1.412432
1.405978
1.409851
1.404687
1.409851
1.398232
1.408560
1.408560
1.411141
1.405978
1.413723
1.415014
1.413723
1.409851
1.413723
1.411141
1.413723
1.411141
1.416305
1.412432
1.418887
1.416305
1.412432
1.409851
1.407269
1.400814
1.412432
1.408560
1.411141
1.405978
1.411141
1.411141
1.418887
1.412432
1.417596
1.402105
1.420178
1.416305
1.411141
1.405978
1.407269
1.402105
1.402105
1.400814
1.400814
1.400814
1.402105
1.400814
1.407269
1.400814
1.407269
1.404687
1.404687
1.403396
1.408560
1.412432
1.416305
1.416305
1.418887
1.417596
1.424051
1.415014
1.417596
1.415014
1.412432
1.409851
1.417596
1.415014
1.402105
1.396941
1.400814
1.390486
1.395650
1.389195
1.396941
1.398232
1.405978
1.400814
1.404687
1.395650
1.400814
1.393068
1.398232
1.395650
1.408560
1.408560
1.420178
1.418887
1.424051
1.421469
1.425342
1.418887
1.390486
1.429215
1.436961
1.431797
1.426633
1.413723
1.412432
1.416305
1.412432
1.404687
1.413723
1.417596
1.417596
1.415014
1.421469
1.418887
1.418887
1.412432
1.418887
1.413723
1.416305
1.412432
1.415014
1.405978
1.355629
1.404687
1.407269
1.400814
1.399523
1.390486
1.390486
1.377576
1.378867
1.398232
1.408560
1.402105
1.405978
1.412432
1.415014
1.409851
1.415014
1.413723
1.415014
1.407269
1.411141
1.409851
1.408560
1.404687
1.402105
1.399523
1.400814
1.398232
1.403396
1.399523
1.405978
1.404687
1.408560
1.407269
1.413723
1.421469
1.416305
1.402105
1.407269
1.403396
1.404687
1.314318
1.408560
1.386613
1.403396
1.415014
1.405978
1.403396
1.407269
1.407269
1.416305
1.416305
1.421469
1.418887
1.418887
1.409851
1.416305
1.411141
1.413723
1.408560
1.408560
1.402105
1.405978
1.407269
1.411141
1.411141
1.417596
1.412432
1.413723
1.404687
1.408560
1.403396
1.407269
1.405978
1.408560
1.403396
1.403396
1.415014
1.418887
1.407269
1.409851
1.409851
1.420178
1.416305
1.418887
1.413723
1.420178
1.416305
1.420178
1.404687
1.412432
1.405978
1.411141
1.405978
1.407269
1.404687
1.415014
1.416305
1.415014
1.403396
1.405978
1.399523
1.399523
1.395650
1.404687
1.408560
1.412432
1.412432
1.399523
1.417596
1.413723
1.418887
1.415014
1.408560
1.411141
1.404687
1.408560
1.405978
1.407269
1.395650
1.403396
1.404687
1.408560
1.399523
1.405978
1.413723
1.405978
1.402105
1.403396
1.394359
1.398232
1.403396
1.412432
1.422760
1.425342
1.427924
1.431797
1.424051
1.430506
1.425342
1.416305
1.403396
1.394359
1.395650
1.404687
1.411141
1.421469
1.411141
1.415014
1.420178
1.429215
1.415014
1.418887
1.412432
1.411141
1.409851
1.417596
1.405978
1.404687
1.395650
1.391777
1.386613
1.395650
1.402105
1.405978
1.400814
1.404687
1.399523
1.404687
1.413723
1.416305
1.409851
1.424051
1.420178
1.411141
1.395650
1.418887
1.422760
1.404687
1.399523
1.409851
1.404687
1.405978
1.398232
1.400814
1.387904
1.405978
1.405978
1.407269
1.402105
1.403396
1.407269
1.412432
1.417596
1.421469
1.412432
1.416305
1.420178
1.416305
1.411141
1.415014
1.412432
1.415014
1.415014
1.421469
1.412432
1.411141
1.402105
1.412432
1.411141
1.412432
1.407269
1.416305
1.404687
1.405978
1.400814
1.409851
1.405978
1.400814
1.386613
1.384031
1.382740
1.389195
1.390486
1.396941
1.399523
1.409851
1.413723
1.422760
1.413723
1.416305
1.409851
1.415014
1.407269
1.416305
1.411141
1.415014
1.411141
1.417596
1.420178
1.421469
1.418887
1.421469
1.422760
1.442125
1.409851
1.405978
1.408560
1.408560
1.402105
1.408560
1.398232
1.411141
1.403396
1.402105
1.398232
1.396941
1.396941
1.400814
1.386613
1.385322
1.376285
1.387904
1.387904
1.403396
1.400814
1.403396
1.415014
1.433088
1.421469
1.422760
1.424051
1.425342
1.420178
1.422760
1.420178
1.449871
1.415014
1.434379
1.427924
1.422760
1.411141
1.413723
1.411141
1.403396
1.405978
1.409851
1.399523
1.405978
1.396941
1.408560
1.390486
1.398232
1.400814
1.404687
1.405978
1.403396
1.400814
1.403396
1.402105
1.387904
1.382740
1.382740
1.368539
1.364666
1.358211
1.353047
1.353047
1.353047
1.347883
1.347883
1.346592
1.332392
1.333683
1.340137
1.344010
1.354338
1.358211
1.373703
1.380158
1.396941
1.409851
1.408560
1.417596
1.425342
1.431797
1.445998
1.455035
1.453744
1.447289
1.460199
1.449871
1.457617
1.449871
1.453744
1.448580
1.455035
1.444707
1.442125
1.434379
1.430506
1.425342
1.430506
1.430506
1.422760
1.448580
1.439543
1.440834
1.436961
1.434379
1.440834
1.439543
1.440834
1.433088
1.430506
1.429215
1.424051
1.413723
1.413723
1.409851
1.416305
1.413723
1.415014
1.422760
1.427924
1.422760
1.426633
1.422760
1.431797
1.425342
1.424051
1.421469
1.403396
1.409851
1.416305
1.413723
1.418887
1.416305
1.412432
1.400814
1.297535
1.407269
1.403396
1.396941
1.390486
1.398232
1.380158
1.394359
1.396941
1.404687
1.378867
1.396941
1.377576
1.412432
1.329810
1.407269
1.408560
1.404687
1.405978
1.411141
1.225240
1.407269
1.413723
1.402105
1.191674
1.403396
1.280752
1.412432
1.336264
1.407269
1.270424
1.400814
0.990281
1.403396
1.292371
1.398232
1.266551
1.404687
1.346592
1.403396
1.305281
1.403396
1.186511
1.412432
1.289789
1.411141
1.273006
1.421469
1.225240
1.415014
1.377576
1.408560
1.416305
1.416305
1.420178
1.421469
1.418887
1.415014
1.409851
1.411141
1.234277
1.400814
1.127125
1.398232
1.165855
1.394359
1.027720
1.407269
0.951552
1.413723
1.311736
1.433088
1.364666
1.478273
1.519584
1.547986
1.582842
1.589297
1.585424
1.567350
1.541531
1.506674
1.476982
1.449871
1.085814
1.400814
1.047084
1.369830
1.050957
1.346592
1.013519
1.334974
1.045793
1.332392
1.035466
1.347883
1.358211
1.362084
1.372412
1.358211
1.382740
1.381449
1.384031
1.369830
1.287207
1.393068
0.951552
1.390486
0.994154
1.377576
1.151654
1.377576
1.039338
1.365957
1.074195
1.354338
1.142617
1.364666
1.083232
1.378867
1.078068
1.395650
1.100015
1.417596
1.123252
1.429215
1.191674
1.435670
1.185220
1.435670
1.221367
1.430506
1.365957
1.407269
1.159400
1.391777
1.132289
1.380158
1.114215
1.373703
1.213621
1.374994
1.303990
1.373703
1.211039
1.371121
1.225240
1.391777
1.230404
1.396941
1.174892
1.398232
1.298826
1.395650
1.347883
1.399523
1.373703
1.405978
1.327228
1.412432
1.347883
1.407269
1.265260
1.408560
1.303990
1.395650
1.385322
1.413723
1.289789
1.407269
1.305281
1.400814
1.167146
1.399523
1.240732
1.407269
1.284625
1.424051
1.182638
1.422760
1.276879
1.411141
1.354338
1.403396
1.327228
1.403396
1.355629
1.408560
1.395650
1.413723
1.372412
1.409851
1.200711
1.411141
1.381449
1.418887
1.417596
1.408560
1.405978
1.430506
1.418887
1.409851
1.411141
1.409851
1.405978
1.396941
1.376285
1.400814
1.172310
1.391777
1.172310
1.393068
1.403396
1.415014
1.425342
1.422760
1.418887
1.409851
1.196838
1.399523
1.346592
1.398232
1.173601
1.398232
1.253642
1.399523
1.177474
1.399523
1.285916
1.396941
1.280752
1.411141
1.364666
1.421469
1.412432
1.417596
1.412432
1.409851
1.415014
1.416305
1.409851
1.404687
1.395650
1.403396
1.404687
1.403396
1.408560
1.404687
1.404687
1.404687
1.347883
1.408560
1.292371
1.413723
1.266551
1.405978
1.298826
1.404687
1.364666
1.412432
1.403396
1.411141
1.405978
1.412432
1.282043
1.407269
1.408560
1.412432
1.402105
1.403396
1.364666
1.411141
1.390486
1.408560
1.359502
1.408560
1.377576
1.399523
1.305281
1.395650
1.405978
1.408560
1.381449
1.403396
1.314318
1.391777
1.393068
1.390486
1.396941
1.386613
1.412432
1.398232
1.190383
1.394359
1.214912
1.402105
1.182638
1.408560
1.331101
1.426633
1.229113
1.416305
1.240732
1.405978
1.301408
1.407269
1.371121
1.413723
1.421469
1.422760
1.418887
1.420178
1.285916
1.412432
1.332392
1.429215
1.345301
1.438252
1.328519
1.434379
1.214912
1.418887
1.185220
1.377576
1.207166
1.355629
1.243314
1.345301
1.130998
1.356920
1.124543
1.371121
1.155527
1.386613
1.271715
1.395650
1.208457
1.407269
1.225240
1.386613
1.164564
1.319482
1.047084
1.223949
0.943806
1.182638
0.969625
1.212330
1.021265
1.288498
1.230404
1.360793
1.395650
1.425342
1.448580
1.464072
1.486018
1.506674
1.524748
1.527330
1.537658
1.535076
1.533785
1.520875
1.398232
1.522166
1.378867
1.496346
1.449871
1.488600
1.471818
1.484728
1.486018
1.474400
1.465363
1.444707
1.434379
1.422760
1.422760
1.420178
1.420178
1.412432
1.412432
1.411141
1.412432
1.404687
1.216203
1.407269
1.222658
1.399523
1.213621
1.418887
1.240732
1.416305
1.394359
1.417596
1.402105
1.411141
1.412432
1.411141
1.421469
1.416305
1.413723
1.407269
1.409851
1.403396
1.403396
1.398232
1.407269
1.407269
1.416305
1.408560
1.407269
1.402105
1.385322
1.395650
1.389195
1.400814
1.329810
1.402105
1.211039
1.408560
1.278170
1.409851
1.195547
1.402105
1.298826
1.407269
1.411141
1.403396
1.403396
1.398232
1.302699
1.396941
1.245896
1.404687
1.422760
1.420178
1.420178
1.417596
1.386613
1.421469
1.056121
1.431797
1.436961
1.433088
1.431797
1.422760
1.194256
1.405978
1.225240
1.405978
1.416305
1.420178
1.417596
1.407269
1.303990
1.398232
1.227822
1.422760
1.260097
1.413723
1.254933
1.415014
1.235568
1.408560
1.217494
1.404687
1.341428
1.398232
1.382740
1.391777
1.393068
1.382740
1.389195
1.391777
1.402105
1.382740
1.411141
1.416305
1.427924
1.429215
1.292371
1.417596
1.171019
1.417596
1.258806
1.408560
1.125834
1.373703
1.331101
1.349174
1.285916
1.354338
1.365957
1.371121
1.376285
1.393068
1.285916
1.400814
1.405978
1.416305
1.391777
1.434379
1.418887
1.431797
1.418887
1.430506
1.420178
1.424051
1.424051
1.416305
1.415014
1.417596
1.327228
1.400814
1.367248
1.400814
1.385322
1.402105
1.247187
1.399523
1.294953
1.411141
1.256224
1.412432
1.247187
1.409851
1.325937
1.407269
1.337555
1.407269
1.391777
1.418887
1.328519
1.418887
1.398232
1.407269
1.316900
1.411141
1.408560
1.404687
1.364666
1.395650
1.342719
1.399523
1.381449
1.386613
1.285916
1.396941
1.253642
1.405978
1.364666
1.408560
1.384031
1.411141
1.395650
1.404687
1.328519
1.407269
1.363375
1.405978
1.334974
1.395650
1.270424
1.399523
1.238150
1.404687
1.018683
1.422760
1.336264
1.413723
1.407269
1.417596
1.359502
1.411141
1.412432
1.421469
1.341428
1.408560
1.340137
1.409851
1.320773
1.407269
1.319482
1.411141
1.386613
1.415014
1.368539
1.413723
1.384031
1.407269
1.396941
1.417596
1.380158
1.407269
1.395650
1.405978
1.302699
1.408560
1.328519
1.412432
1.396941
1.407269
1.409851
1.413723
1.421469
1.422760
1.439543
1.443416
1.455035
1.462781
1.469236
1.470527
1.471818
1.476982
1.408560
1.458908
1.443416
1.440834
1.442125
1.440834
1.440834
1.443416
1.439543
1.418887
1.427924
1.411141
1.407269
1.398232
1.396941
1.386613
1.239441
1.380158
1.217494
1.368539
0.939933
1.373703
1.141326
1.377576
1.273006
1.398232
1.244605
1.416305
1.306572
1.412432
1.409851
1.411141
1.336264
1.372412
1.252351
1.320773
1.271715
1.341428
1.340137
1.399523
1.282043
1.426633
1.263969
1.431797
1.350465
1.431797
1.262678
1.405978
1.223949
1.374994
1.314318
1.356920
0.794052
1.351756
1.171019
1.367248
1.243314
1.371121
1.203293
1.380158
1.252351
1.377576
1.192965
1.391777
1.266551
1.413723
1.291080
1.422760
1.231695
1.412432
1.258806
1.394359
1.251060
1.385322
1.213621
1.382740
1.273006
1.385322
1.293662
1.385322
1.384031
1.387904
1.396941
1.404687
1.404687
1.412432
1.373703
1.396941
1.404687
1.408560
1.400814
1.418887
1.408560
1.422760
1.400814
1.426633
1.420178
1.434379
1.425342
1.434379
1.415014
1.440834
1.426633
1.435670
1.421469
1.449871
1.483437
1.511838
1.507965
1.510547
1.529912
1.566059
1.563477
1.568641
1.560895
1.538949
1.523457
1.492473
1.466654
1.438252
1.415014
1.389195
1.291080
1.360793
1.164564
1.329810
1.056121
1.307863
1.194256
1.314318
1.243314
1.341428
1.205875
1.363375
1.318191
1.393068
1.409851
1.421469
1.433088
1.429215
1.431797
1.404687
1.425342
1.192965
1.415014
1.411141
1.380158
1.389195
1.262678
1.373703
1.218785
1.367248
1.199420
1.238150
1.194256
1.368539
1.181347
1.376285
1.265260
1.376285
1.177474
1.371121
1.107761
1.353047
1.190383
1.349174
1.273006
1.306572
1.269133
1.258806
1.169728
1.168437
1.124543
1.163273
1.018683
1.067740
1.081941
1.087105
0.987699
1.239441
1.052248
1.306572
1.333683
1.288498
1.422760
1.284625
1.457617
1.350465
1.471818
1.393068
1.484728
1.442125
1.489891
1.395650
1.492473
1.303990
1.488600
0.939933
1.487309
1.400814
1.302699
1.307863
1.294953
1.341428
1.309154
1.298826
1.221367
1.285916
1.362084
1.380158
1.359502
1.132289
1.420178
1.216203
1.416305
1.325937
1.407269
1.173601
1.413723
1.328519
1.405978
1.341428
1.385322
1.254933
1.374994
1.221367
1.394359
1.223949
1.386613
1.220076
1.403396
1.244605
1.417596
1.209748
1.426633
1.222658
1.422760
1.165855
1.413723
1.164564
1.418887
1.021265
1.416305
1.297535
1.408560
1.351756
1.244605
1.155527
1.248478
1.381449
1.218785
1.251060
1.137453
1.172310
1.367248
1.107761
1.382740
1.301408
1.225240
1.258806
1.285916
1.176183
1.279461
1.251060
1.373703
1.353047
1.301408
1.236859
1.405978
1.382740
1.418887
1.303990
1.411141
1.158109
1.416305
1.242023
1.408560
1.398232
1.372412
1.150363
1.300117
1.187801
1.248478
1.239441
1.251060
1.297535
1.369830
1.234277
1.376285
1.288498
1.412432
1.302699
1.402105
1.253642
1.377576
1.236859
1.398232
1.218785
1.377576
1.269133
1.350465
1.234277
1.394359
1.252351
1.314318
1.305281
1.404687
1.315609
1.394359
1.190383
1.398232
1.263969
1.402105
1.159400
1.417596
1.118088
1.421469
1.294953
1.422760
1.261388
1.426633
0.768232
1.249769
1.171019
1.263969
1.387904
1.257515
1.282043
1.270424
1.218785
1.310445
1.191674
1.416305
1.136162
1.418887
1.245896
1.434379
1.218785
1.462781
1.182638
1.488600
1.142617
1.484728
1.273006
1.467945
1.307863
1.447289
1.186511
1.436961
1.202002
1.425342
1.146490
1.418887
1.129707
1.311736
1.338846
1.384031
1.136162
1.232986
1.225240
1.248478
1.204584
1.202002
1.150363
1.196838
1.133580
1.245896
1.171019
1.296244
1.235568
1.176183
1.180056
1.200711
1.140035
1.199420
1.130998
1.231695
1.176183
1.288498
1.107761
1.181347
1.069031
1.240732
1.234277
1.212330
1.178765
1.198129
1.273006
1.057412
0.595240
1.380158
1.365957
1.252351
1.279461
1.181347
1.181347
1.256224
1.214912
1.252351
1.038047
1.252351
1.220076
1.394359
1.199420
1.402105
1.204584
1.420178
1.311736
1.340137
1.159400
1.253642
1.168437
1.242023
1.252351
1.303990
1.240732
1.245896
1.177474
1.230404
1.163273
1.227822
1.236859
1.071613
1.249769
1.395650
1.208457
1.372412
1.204584
1.315609
1.238150
1.385322
1.220076
1.395650
1.217494
1.394359
1.260097
1.372412
1.171019
1.323355
1.226531
1.395650
1.240732
1.245896
1.283334
1.364666
1.282043
1.346592
1.214912
1.390486
1.298826
1.365957
1.275588
1.398232
1.234277
1.403396
1.418887
1.415014
1.263969
1.413723
1.374994
1.418887
1.413723
1.402105
1.173601
1.398232
1.405978
1.405978
1.323355
1.402105
1.205875
1.409851
1.232986
1.424051
1.194256
1.420178
1.213621
1.416305
1.260097
1.417596
1.235568
1.416305
1.187801
1.411141
1.209748
1.400814
1.185220
1.399523
1.380158
1.402105
1.052248
1.294953
1.143908
1.409851
1.263969
1.422760
1.340137
1.421469
1.252351
1.418887
1.207166
1.422760
1.365957
1.413723
1.161982
1.412432
1.291080
1.409851
1.253642
1.407269
1.202002
1.403396
1.200711
1.399523
1.336264
1.407269
1.169728
1.408560
1.143908
1.398232
1.247187
1.394359
1.200711
1.391777
1.114215
1.415014
1.346592
1.408560
1.325937
1.411141
1.130998
1.416305
1.200711
1.416305
1.267842
1.150363
1.362084
1.396941
1.211039
1.382740
1.240732
1.387904
1.208457
1.409851
1.252351
1.425342
1.192965
1.424051
1.238150
1.425342
1.204584
1.420178
1.120670
1.404687
1.190383
1.396941
1.262678
1.351756
1.368539
1.359502
1.194256
1.376285
1.072904
1.393068
1.165855
1.405978
1.209748
1.421469
1.282043
1.422760
1.176183
1.435670
1.205875
1.418887
1.218785
1.404687
1.211039
1.405978
1.220076
1.407269
1.214912
1.416305
1.261388
1.422760
1.221367
1.425342
1.253642
1.427924
1.177474
1.420178
1.378867
1.396941
1.307863
1.415014
1.369830
1.417596
1.411141
1.413723
1.269133
1.422760
1.398232
1.411141
1.165855
1.407269
1.235568
1.411141
1.247187
1.409851
1.232986
1.417596
1.218785
1.415014
1.222658
1.405978
1.155527
1.398232
1.180056
1.398232
1.234277
1.395650
1.214912
1.399523
1.396941
1.399523
0.902494
0.901203
1.314318
1.435670
1.294953
1.416305
1.334974
1.411141
1.261388
1.413723
1.333683
1.416305
1.240732
1.413723
1.306572
1.411141
1.216203
1.408560
1.238150
1.393068
1.240732
1.399523
1.211039
1.413723
1.345301
1.417596
1.222658
1.425342
1.325937
1.421469
1.294953
1.416305
1.204584
1.403396
1.329810
1.408560
1.171019
1.409851
1.402105
1.417596
1.282043
1.409851
1.194256
1.403396
1.203293
1.416305
1.256224
1.438252
1.258806
1.438252
1.244605
1.426633
1.234277
1.403396
1.395650
1.391777
1.164564
1.374994
1.225240
1.386613
1.239441
1.387904
1.177474
1.378867
1.204584
1.371121
1.279461
1.408560
1.373703
1.378867
1.164564
1.398232
1.278170
1.424051
1.293662
1.431797
1.227822
1.425342
1.212330
1.433088
1.320773
1.417596
1.199420
1.420178
1.230404
1.424051
1.310445
1.431797
1.284625
1.424051
1.289789
1.421469
1.313027
1.418887
1.273006
1.426633
1.278170
1.424051
0.883130
1.407269
1.284625
1.413723
1.152945
1.391777
1.368539
1.398232
1.289789
1.402105
1.305281
1.399523
1.336264
1.403396
1.038047
1.394359
1.315609
1.405978
1.161982
1.413723
1.252351
1.409851
1.205875
1.408560
1.294953
1.412432
1.203293
1.398232
1.275588
1.408560
1.230404
1.405978
1.333683
1.398232
1.278170
1.417596
1.236859
1.408560
1.202002
1.427924
1.284625
1.424051
1.324646
1.413723
1.310445
1.404687
1.282043
1.420178
1.416305
1.417596
1.291080
1.398232
1.220076
1.407269
1.214912
1.402105
1.205875
1.402105
1.223949
1.399523
1.323355
1.394359
1.057412
1.400814
1.227822
1.404687
1.399523
1.396941
1.378867
1.404687
1.382740
1.408560
1.155527
1.416305
1.328519
1.415014
1.329810
1.407269
1.292371
1.415014
1.220076
1.407269
1.408560
1.411141
1.232986
1.413723
1.319482
1.409851
0.990281
1.420178
1.229113
1.421469
1.249769
1.389195
1.274297
1.365957
1.266551
1.395650
1.280752
1.408560
1.283334
1.413723
1.261388
1.417596
1.345301
1.429215
1.249769
1.405978
1.036757
1.411141
1.376285
1.421469
1.291080
1.429215
1.327228
1.424051
1.280752
1.390486
1.182638
1.396941
1.291080
1.411141
1.336264
1.417596
1.202002
1.413723
1.323355
1.413723
1.249769
1.413723
1.231695
1.407269
1.399523
1.394359
1.205875
1.385322
1.211039
1.394359
0.936060
1.408560
1.338846
1.424051
1.374994
1.431797
1.418887
1.421469
1.261388
1.417596
1.324646
1.416305
1.306572
1.422760
1.365957
1.438252
1.297535
1.444707
1.359502
1.435670
1.313027
1.412432
1.164564
1.391777
1.351756
1.399523
1.345301
1.402105
1.267842
1.424051
1.314318
1.436961
1.364666
1.427924
1.269133
1.434379
1.289789
1.421469
1.400814
1.424051
1.306572
1.417596
1.260097
1.404687
1.309154
1.412432
1.225240
1.403396
1.232986
1.405978
1.225240
1.404687
1.301408
1.409851
1.235568
1.412432
1.331101
1.407269
1.010937
1.386613
1.231695
1.403396
1.269133
1.389195
1.211039
1.369830
1.344010
1.341428
0.916695
1.345301
1.328519
1.374994
1.263969
1.405978
1.380158
1.417596
1.355629
1.407269
1.226531
1.412432
1.378867
1.434379
1.409851
1.453744
1.416305
1.469236
1.399523
1.462781
1.196838
1.449871
1.270424
1.457617
1.098724
1.427924
1.298826
1.362084
1.242023
1.344010
1.296244
1.344010
0.986408
1.374994
1.287207
1.364666
1.283334
1.384031
1.301408
1.400814
1.267842
1.416305
1.291080
1.420178
1.309154
1.408560
1.248478
1.405978
1.260097
1.411141
1.338846
1.421469
1.404687
1.433088
1.221367
1.436961
1.240732
1.455035
1.207166
1.449871
1.356920
1.244605
1.289789
1.418887
1.322064
1.404687
0.676572
1.378867
1.216203
1.373703
1.362084
1.381449
1.314318
1.394359
1.202002
1.364666
1.346592
1.411141
1.412432
1.417596
1.315609
1.426633
1.327228
1.429215
1.404687
1.427924
1.319482
1.425342
1.309154
1.438252
1.426633
1.431797
1.369830
1.411141
1.297535
1.389195
1.306572
1.402105
1.236859
1.387904
1.398232
1.403396
1.196838
1.393068
1.332392
1.386613
1.247187
1.376285
1.238150
1.381449
1.229113
1.400814
1.260097
1.403396
1.229113
1.385322
1.248478
1.390486
1.313027
1.426633
1.355629
1.434379
1.380158
1.430506
1.254933
1.421469
1.372412
1.426633
1.389195
1.422760
1.415014
1.416305
1.415014
1.440834
1.390486
1.409851
1.411141
1.412432
1.409851
1.412432
1.411141
1.405978
1.385322
1.395650
0.942515
1.393068
1.344010
1.403396
1.403396
1.404687
1.404687
1.409851
1.393068
1.395650
1.251060
1.403396
1.402105
1.400814
1.389195
1.402105
1.052248
1.396941
1.347883
1.416305
1.273006
1.416305
0.671408
1.438252
1.402105
1.420178
1.347883
1.421469
1.393068
1.408560
1.168437
1.395650
1.307863
1.408560
1.389195
1.415014
1.209748
1.433088
1.316900
1.445998
1.367248
1.436961
1.344010
1.421469
1.315609
1.409851
1.161982
1.405978
1.329810
1.391777
1.316900
1.390486
1.362084
1.391777
1.254933
1.402105
1.258806
1.394359
1.300117
1.399523
1.373703
1.393068
1.334974
1.396941
1.278170
1.408560
1.161982
1.405978
1.355629
1.403396
1.384031
1.405978
1.389195
1.421469
1.336264
1.444707
1.395650
1.451162
1.405978
1.443416
1.377576
1.434379
1.327228
1.424051
1.354338
1.412432
1.328519
1.400814
1.402105
1.430506
1.409851
1.407269
1.340137
1.408560
1.364666
1.400814
1.331101
1.385322
1.128416
1.380158
1.244605
1.378867
1.337555
1.384031
1.389195
1.395650
1.211039
1.391777
1.275588
1.391777
1.387904
1.399523
1.325937
1.394359
1.138744
1.402105
1.341428
1.409851
1.363375
1.430506
1.356920
1.440834
1.354338
1.431797
1.396941
1.417596
1.222658
1.412432
1.405978
1.407269
1.314318
1.403396
1.374994
1.404687
1.349174
1.412432
1.412432
1.415014
1.389195
1.412432
1.403396
1.417596
1.274297
1.405978
1.354338
1.403396
1.231695
1.415014
1.389195
1.405978
1.400814
1.409851
1.338846
1.408560
1.327228
1.398232
1.258806
1.381449
1.180056
1.409851
1.403396
1.412432
1.078068
1.411141
1.322064
1.421469
1.338846
1.400814
1.359502
1.408560
1.364666
1.413723
1.403396
1.424051
1.381449
1.415014
1.327228
1.413723
1.347883
1.405978
1.323355
1.407269
1.089687
1.404687
1.305281
1.416305
1.396941
1.420178
1.389195
1.413723
1.396941
1.399523
1.145199
1.407269
1.409851
1.412432
1.405978
1.408560
1.344010
1.409851
1.245896
1.415014
0.823744
1.412432
1.363375
1.402105
1.386613
1.399523
1.373703
1.403396
1.333683
1.403396
1.293662
1.391777
1.298826
1.399523
1.319482
1.398232
1.323355
1.415014
1.309154
1.411141
1.294953
1.405978
1.369830
1.407269
1.345301
1.394359
1.395650
1.400814
1.353047
1.405978
1.411141
1.413723
1.347883
1.413723
1.364666
1.408560
1.374994
1.407269
1.386613
1.407269
1.296244
1.408560
1.354338
1.407269
1.244605
1.404687
1.182638
1.420178
1.359502
1.427924
1.390486
1.421469
1.324646
1.408560
1.294953
1.332392
1.301408
1.411141
1.386613
1.398232
1.364666
1.399523
1.313027
1.398232
1.238150
1.404687
1.314318
1.403396
1.399523
1.405978
1.367248
1.415014
1.354338
1.412432
1.314318
1.402105
1.342719
1.380158
1.266551
1.400814
1.390486
1.407269
1.270424
1.417596
1.306572
1.413723
1.342719
1.418887
1.422760
1.420178
1.426633
1.420178
1.327228
1.433088
1.415014
1.415014
1.394359
1.429215
1.429215
1.429215
1.309154
1.409851
1.276879
1.390486
1.300117
1.400814
1.327228
1.411141
1.303990
1.417596
1.353047
1.415014
0.892166
1.415014
1.239441
1.413723
1.364666
1.416305
1.390486
1.409851
1.360793
1.398232
1.378867
1.389195
1.102597
1.390486
1.329810
1.398232
1.218785
1.367248
1.306572
1.381449
1.309154
1.399523
1.316900
1.396941
1.220076
1.402105
1.384031
1.408560
1.355629
1.422760
1.434379
1.442125
1.319482
1.440834
1.349174
1.418887
1.325937
1.377576
1.221367
1.374994
1.261388
1.364666
1.207166
1.367248
1.212330
1.409851
1.399523
1.416305
1.391777
1.434379
1.337555
1.439543
1.371121
1.452453
1.359502
1.399523
1.415014
1.465363
1.261388
1.440834
1.405978
1.430506
1.338846
1.411141
1.265260
1.409851
1.314318
1.391777
1.088396
1.384031
1.360793
1.382740
1.387904
1.391777
1.382740
1.400814
1.353047
1.399523
0.912822
1.415014
1.334974
1.421469
1.354338
1.400814
1.351756
1.386613
1.333683
1.391777
1.347883
1.395650
1.052248
1.412432
1.217494
1.409851
1.396941
1.449871
1.443416
1.453744
1.359502
1.402105
1.407269
1.408560
1.265260
1.418887
1.324646
1.402105
1.314318
1.409851
1.402105
1.430506
1.390486
1.427924
1.364666
1.416305
1.305281
1.424051
1.422760
1.417596
1.393068
1.416305
1.409851
1.424051
1.399523
1.425342
1.411141
1.400814
1.356920
1.371121
1.232986
1.334974
1.314318
1.334974
1.195547
1.344010
1.244605
1.364666
1.278170
1.372412
1.378867
1.387904
1.313027
1.390486
1.292371
1.391777
1.271715
1.391777
1.298826
1.411141
1.405978
1.430506
1.430506
1.436961
1.389195
1.426633
1.327228
1.409851
1.382740
1.416305
1.421469
1.431797
1.318191
1.424051
1.420178
1.425342
1.345301
1.425342
1.341428
1.435670
1.438252
1.443416
1.417596
1.436961
1.429215
1.416305
1.320773
1.411141
1.324646
1.405978
0.760486
1.371121
1.391777
1.417596
1.415014
1.431797
1.402105
1.430506
1.400814
1.427924
1.371121
1.438252
1.390486
1.426633
1.305281
1.399523
1.386613
1.378867
1.121961
1.382740
1.324646
1.377576
1.320773
1.354338
1.291080
1.334974
1.270424
1.320773
1.257515
1.323355
1.275588
1.354338
1.292371
1.380158
1.324646
1.413723
1.327228
1.457617
1.464072
1.458908
1.403396
1.440834
1.393068
1.421469
1.395650
1.394359
1.209748
1.394359
1.364666
1.418887
1.380158
1.424051
1.354338
1.440834
1.393068
1.427924
1.438252
1.451162
1.338846
1.476982
1.394359
1.526039
1.427924
1.470527
1.261388
1.211039
1.100015
1.167146
1.167146
1.168437
1.087105
1.194256
1.225240
1.261388
1.262678
1.334974
1.358211
1.385322
1.323355
1.434379
1.285916
1.461490
1.445998
1.489891
1.422760
1.535076
1.540240
1.531203
1.404687
1.515711
1.467945
1.475691
1.355629
1.455035
1.416305
1.448580
1.365957
1.460199
1.336264
1.488600
1.447289
1.524748
1.520875
1.524748
1.442125
1.511838
1.403396
1.515711
1.303990
1.590588
1.504092
1.661592
1.668047
1.646100
1.536367
1.562186
1.479564
1.466654
1.420178
1.385322
1.344010
1.323355
1.258806
1.289789
1.167146
1.287207
1.191674
1.266551
1.185220
1.257515
1.218785
1.254933
1.258806
1.282043
1.200711
1.313027
1.292371
1.354338
1.301408
1.354338
1.353047
1.364666
1.341428
1.372412
1.269133
1.382740
1.369830
1.385322
1.294953
1.387904
1.344010
1.400814
1.347883
1.413723
1.230404
1.426633
1.372412
1.439543
1.287207
1.434379
1.409851
1.421469
1.418887
1.413723
1.386613
1.416305
1.284625
1.409851
1.426633
1.421469
1.110343
1.411141
1.405978
1.396941
1.391777
1.390486
1.380158
1.390486
1.362084
1.402105
1.331101
1.405978
1.387904
1.418887
1.413723
1.422760
1.418887
1.422760
1.385322
1.404687
1.412432
1.424051
1.329810
1.455035
1.393068
1.425342
1.377576
1.376285
1.314318
1.413723
1.372412
1.413723
1.380158
1.373703
1.315609
1.403396
1.088396
1.415014
1.405978
1.403396
1.399523
1.399523
1.398232
1.384031
1.353047
1.391777
1.310445
1.390486
1.373703
1.399523
1.377576
1.404687
1.344010
1.415014
1.425342
1.425342
1.287207
1.422760
1.408560
1.405978
1.365957
1.404687
1.363375
1.394359
1.386613
1.359502
1.314318
1.408560
1.400814
1.407269
1.387904
1.411141
1.389195
1.409851
1.389195
1.409851
1.412432
1.420178
0.908949
1.422760
1.395650
1.418887
1.405978
1.409851
1.407269
1.408560
1.405978
1.411141
1.353047
1.416305
1.088396
1.420178
1.412432
1.467945
1.398232
1.415014
1.319482
1.394359
1.181347
1.429215
1.376285
1.426633
1.076777
1.386613
1.333683
1.400814
1.389195
1.427924
1.340137
1.411141
1.393068
1.402105
1.358211
1.404687
1.367248
1.409851
1.296244
1.411141
1.331101
1.405978
1.320773
1.413723
1.398232
1.411141
1.309154
1.407269
1.301408
1.407269
1.356920
1.400814
1.387904
1.389195
1.316900
1.384031
1.212330
1.400814
1.325937
1.415014
1.320773
1.405978
1.346592
1.409851
1.328519
1.398232
1.300117
1.382740
1.376285
1.394359
1.364666
1.407269
1.342719
1.421469
1.433088
1.457617
1.355629
1.458908
1.261388
1.438252
1.398232
1.416305
1.403396
1.447289
1.404687
1.457617
1.385322
1.418887
1.331101
1.378867
1.211039
1.380158
1.235568
1.380158
1.282043
1.362084
1.303990
1.369830
1.341428
1.384031
1.229113
1.395650
1.222658
1.404687
1.271715
1.409851
1.340137
1.418887
1.265260
1.425342
1.422760
1.429215
1.102597
1.425342
1.328519
1.443416
1.460199
1.462781
1.111634
1.457617
1.377576
1.453744
0.717884
1.435670
1.271715
1.399523
1.385322
1.400814
1.350465
1.411141
1.340137
1.391777
1.280752
1.384031
1.298826
1.390486
1.393068
1.395650
1.204584
1.400814
1.374994
1.400814
1.310445
1.389195
1.279461
1.394359
1.360793
1.396941
1.311736
1.398232
1.301408
1.418887
1.275588
1.411141
1.274297
1.391777
1.399523
1.411141
1.087105
1.400814
1.399523
1.396941
1.350465
1.407269
1.289789
1.402105
1.271715
1.389195
1.238150
1.393068
1.324646
1.399523
1.318191
1.418887
1.356920
1.430506
1.426633
1.426633
1.138744
1.422760
1.380158
1.427924
1.376285
1.417596
1.402105
1.402105
1.297535
1.398232
1.298826
1.400814
1.306572
1.400814
1.280752
1.408560
1.327228
1.407269
1.373703
1.409851
1.275588
1.412432
1.143908
1.417596
0.890875
1.402105
1.306572
1.405978
1.362084
1.407269
1.333683
1.420178
1.325937
1.409851
1.120670
1.417596
1.351756
1.407269
1.296244
1.396941
1.291080
1.367248
1.261388
1.333683
0.925732
1.324646
1.275588
1.336264
1.213621
1.353047
1.269133
1.385322
1.289789
1.405978
1.327228
1.433088
1.244605
1.449871
1.300117
1.448580
1.412432
1.455035
1.257515
1.457617
1.347883
1.457617
1.444707
1.444707
1.106470
1.448580
1.372412
1.445998
1.331101
1.438252
1.297535
1.434379
1.263969
1.417596
1.405978
1.407269
1.063867
1.371121
1.358211
1.356920
1.266551
1.378867
1.320773
1.396941
1.276879
1.409851
1.413723
1.425342
1.417596
1.434379
1.271715
1.444707
1.353047
1.439543
1.229113
1.438252
1.436961
1.439543
1.332392
1.431797
1.294953
1.420178
1.313027
1.412432
1.244605
1.409851
1.325937
1.433088
1.416305
1.400814
1.137453
1.396941
1.340137
1.400814
1.384031
1.405978
1.213621
1.409851
1.221367
1.412432
1.325937
1.412432
1.178765
1.403396
1.303990
1.396941
1.257515
1.390486
1.301408
1.394359
1.303990
1.405978
1.289789
1.415014
1.421469
1.425342
1.425342
1.307863
1.256224
1.403396
1.251060
1.418887
1.364666
1.393068
1.332392
1.396941
1.239441
1.399523
1.386613
1.408560
1.278170
1.404687
1.311736
1.405978
1.293662
1.400814
1.154236
1.389195
1.226531
1.378867
1.380158
1.390486
1.238150
1.393068
1.302699
1.405978
1.271715
1.407269
1.322064
1.405978
1.325937
1.404687
1.244605
1.404687
1.230404
0.946388
1.167146
1.425342
1.376285
1.420178
1.341428
1.433088
1.426633
1.427924
1.251060
1.421469
1.189092
1.425342
1.384031
1.418887
1.243314
1.405978
1.288498
1.408560
1.245896
1.417596
1.412432
1.413723
1.120670
1.408560
1.332392
1.408560
1.283334
1.411141
1.248478
1.413723
1.094851
1.409851
1.416305
1.402105
0.968334
1.407269
1.374994
1.413723
1.315609
1.418887
1.270424
1.411141
1.311736
1.402105
1.118088
1.411141
1.128416
1.398232
1.342719
1.402105
1.298826
1.402105
1.310445
1.405978
1.280752
1.413723
1.274297
1.413723
1.282043
1.421469
1.350465
1.418887
1.362084
1.413723
1.262678
1.427924
1.403396
1.422760
1.137453
1.412432
1.322064
1.385322
1.226531
1.376285
1.291080
1.377576
1.103888
1.372412
1.331101
1.381449
1.269133
1.399523
1.315609
1.407269
1.302699
1.418887
1.265260
1.417596
1.347883
1.426633
1.221367
1.430506
1.328519
1.425342
1.315609
1.421469
1.257515
1.413723
1.035466
1.385322
1.143908
1.386613
1.338846
1.385322
1.356920
1.396941
1.315609
1.387904
1.240732
1.378867
1.214912
1.373703
1.273006
1.390486
1.238150
1.396941
1.238150
1.411141
1.187801
1.435670
1.254933
1.413723
1.225240
1.417596
1.271715
1.418887
1.276879
1.422760
1.279461
1.417596
1.274297
1.405978
1.328519
1.385322
1.240732
1.413723
1.185220
1.408560
1.358211
1.415014
1.243314
1.417596
1.263969
1.425342
1.245896
1.412432
1.223949
1.402105
1.234277
1.407269
1.306572
1.427924
1.240732
1.434379
1.368539
1.421469
1.254933
1.413723
1.252351
1.396941
1.194256
1.400814
1.311736
1.416305
1.303990
1.425342
1.360793
1.421469
1.026429
1.420178
1.337555
1.408560
1.325937
1.396941
1.243314
1.393068
1.218785
1.389195
1.195547
1.373703
1.158109
1.362084
1.283334
1.364666
1.244605
1.376285
1.282043
1.391777
1.207166
1.400814
1.199420
1.411141
1.319482
1.426633
1.435670
1.442125
1.155527
1.445998
1.284625
1.442125
1.065158
1.433088
1.303990
1.422760
1.204584
1.421469
1.258806
1.422760
0.954134
1.434379
1.248478
1.427924
1.418887
1.421469
1.262678
1.418887
1.307863
1.407269
1.412432
1.422760
1.390486
1.421469
1.328519
1.464072
1.301408
1.480855
1.344010
1.474400
1.331101
1.439543
1.365957
1.407269
1.234277
1.391777
0.872802
1.391777
1.318191
1.360793
1.342719
1.396941
1.376285
1.434379
1.297535
1.436961
1.305281
1.439543
1.368539
1.442125
1.367248
1.449871
1.445998
1.436961
1.302699
1.418887
1.262678
1.400814
1.365957
1.399523
1.062576
1.376285
1.180056
1.365957
1.195547
1.368539
1.260097
1.380158
1.167146
1.355629
1.341428
1.399523
1.212330
1.396941
1.327228
1.384031
1.340137
1.377576
1.376285
1.382740
1.194256
1.390486
1.390486
1.390486
1.239441
1.394359
1.273006
1.405978
1.083232
1.431797
1.365957
1.413723
1.187801
1.408560
1.292371
1.399523
1.261388
1.394359
1.226531
1.398232
1.235568
1.408560
1.296244
1.422760
1.198129
1.409851
1.293662
1.411141
1.274297
1.416305
1.247187
1.421469
1.220076
1.413723
1.222658
1.413723
1.248478
1.409851
1.200711
1.398232
1.258806
1.407269
1.235568
1.393068
1.214912
1.407269
1.350465
1.409851
1.253642
1.420178
1.413723
1.284625
1.129707
1.412432
1.287207
1.417596
0.795343
1.408560
1.347883
1.400814
1.253642
1.402105
1.327228
1.408560
1.231695
1.405978
1.230404
1.398232
1.203293
1.398232
1.205875
1.408560
1.189092
1.405978
1.271715
1.415014
0.978662
1.416305
1.307863
1.411141
1.284625
1.407269
1.217494
1.398232
1.338846
1.399523
1.377576
1.393068
1.244605
1.398232
1.280752
1.404687
1.266551
1.407269
1.283334
1.411141
1.263969
1.408560
1.244605
1.407269
1.289789
1.411141
1.251060
1.416305
1.097433
1.426633
1.257515
1.426633
1.239441
1.421469
1.223949
1.417596
1.417596
1.416305
1.178765
1.412432
1.186511
1.402105
1.198129
1.404687
1.180056
1.404687
1.213621
1.426633
1.394359
1.393068
1.207166
1.394359
1.225240
1.394359
1.238150
1.405978
1.205875
1.413723
1.266551
1.411141
1.232986
1.402105
1.336264
1.413723
1.185220
1.407269
1.168437
1.413723
1.230404
1.412432
1.163273
1.413723
1.257515
1.413723
1.202002
1.412432
1.230404
1.407269
1.196838
1.409851
1.248478
1.288498
1.356920
1.415014
1.242023
1.417596
1.313027
1.417596
1.301408
1.417596
1.103888
1.425342
1.204584
1.413723
1.271715
1.396941
1.353047
1.389195
1.160691
1.391777
1.195547
1.376285
1.394359
1.405978
1.218785
1.408560
1.284625
1.407269
1.306572
1.409851
1.208457
1.408560
1.229113
1.413723
1.218785
1.421469
1.280752
1.412432
1.222658
1.415014
1.133580
1.417596
1.316900
1.421469
1.294953
1.418887
1.187801
1.409851
1.247187
1.405978
1.265260
1.398232
1.399523
1.395650
1.275588
1.404687
1.211039
1.418887
1.279461
1.416305
1.298826
1.413723
1.212330
1.398232
1.303990
1.393068
1.386613
1.367248
1.262678
1.349174
1.093560
1.349174
1.318191
1.364666
1.134871
1.391777
1.359502
1.399523
1.256224
1.412432
1.334974
1.415014
1.258806
1.422760
1.190383
1.427924
1.267842
1.416305
0.978662
1.430506
1.227822
1.429215
1.427924
1.429215
1.251060
1.426633
1.235568
1.427924
1.212330
1.425342
1.220076
1.436961
1.356920
1.402105
1.325937
1.384031
1.211039
1.380158
1.387904
1.387904
1.177474
1.381449
1.234277
1.358211
1.248478
1.409851
1.426633
1.456326
1.319482
1.467945
1.309154
1.442125
1.394359
1.418887
1.149072
1.395650
1.238150
1.387904
1.291080
1.368539
1.287207
1.355629
1.217494
1.300117
1.236859
1.058703
1.251060
1.402105
1.381449
1.412432
1.282043
1.418887
1.324646
1.431797
1.216203
1.440834
1.325937
1.429215
1.292371
1.416305
1.018683
1.421469
1.284625
1.430506
1.238150
1.417596
1.191674
1.417596
1.232986
1.424051
1.214912
1.413723
1.213621
1.356920
1.252351
1.359502
1.226531
1.349174
1.276879
1.200711
1.263969
1.418887
1.256224
1.359502
1.409851
1.420178
1.285916
1.402105
1.205875
1.398232
1.356920
1.236859
1.190383
1.409851
1.253642
1.393068
1.185220
1.125834
1.316900
1.355629
1.284625
1.257515
1.258806
1.282043
1.382740
1.244605
1.266551
1.276879
1.118088
1.412432
1.189092
1.398232
1.293662
1.398232
1.056121
1.269133
1.356920
1.261388
1.309154
1.275588
1.377576
1.405978
1.189092
1.409851
1.315609
1.405978
1.203293
1.408560
1.220076
1.411141
1.240732
1.415014
1.301408
1.434379
1.380158
1.448580
1.125834
1.426633
1.270424
1.399523
1.229113
1.332392
1.172310
1.338846
1.342719
1.364666
1.056121
1.359502
1.350465
1.267842
1.204584
1.249769
1.187801
1.124543
1.267842
1.169728
1.200711
1.203293
1.305281
1.260097
1.240732
1.297535
1.334974
1.303990
1.354338
1.322064
1.498928
1.347883
1.347883
1.461490
1.294953
1.502801
1.297535
1.487309
1.280752
1.467945
1.231695
1.464072
1.307863
1.473109
1.198129
1.314318
1.391777
1.150363
1.354338
1.202002
1.258806
1.354338
1.203293
1.344010
1.209748
1.283334
1.207166
1.251060
1.278170
1.276879
1.297535
1.156818
1.368539
1.280752
1.424051
1.257515
1.365957
1.211039
1.187801
1.382740
1.230404
1.418887
1.218785
1.413723
1.070322
1.389195
1.160691
1.362084
1.298826
1.376285
1.278170
1.225240
1.247187
1.214912
1.274297
1.204584
1.236859
1.235568
1.218785
1.235568
1.258806
1.363375
1.229113
1.418887
1.229113
1.424051
1.142617
1.421469
1.200711
1.248478
1.331101
1.323355
1.195547
1.225240
1.269133
1.279461
1.320773
1.466654
1.350465
1.476982
1.403396
1.384031
1.368539
1.456326
1.313027
1.440834
1.316900
1.416305
1.154236
1.395650
1.275588
1.390486
1.195547
1.372412
1.125834
1.309154
1.164564
1.303990
0.959298
1.356920
1.261388
1.436961
1.189092
1.455035
1.275588
1.475691
1.294953
1.464072
1.253642
1.261388
1.307863
1.266551
1.309154
1.413723
1.418887
1.365957
1.413723
1.265260
1.293662
1.296244
1.313027
1.243314
1.289789
1.236859
1.332392
1.262678
1.345301
1.239441
1.218785
1.355629
1.127125
1.235568
1.298826
1.247187
1.232986
1.337555
1.334974
1.369830
1.146490
1.398232
1.300117
1.469236
1.479564
1.222658
1.387904
1.174892
1.145199
1.421469
1.025138
1.418887
1.363375
1.409851
1.399523
1.242023
1.267842
1.278170
1.271715
1.114215
1.305281
1.276879
1.351756
1.212330
1.191674
1.234277
1.249769
1.260097
1.107761
1.390486
1.176183
1.276879
1.154236
1.220076
1.220076
1.403396
1.194256
1.390486
1.199420
1.362084
1.222658
1.386613
1.270424
1.394359
1.208457
1.429215
1.202002
1.442125
1.205875
1.267842
1.194256
1.251060
1.368539
1.220076
1.029011
1.161982
1.265260
1.145199
1.031593
0.990281
1.018683
0.968334
1.183929
1.079359
1.140035
1.151654
1.236859
1.182638
1.581551
1.536367
1.491182
1.581551
1.519584
1.538949
1.535076
1.359502
1.258806
1.515711
1.222658
1.398232
1.461490
1.333683
1.327228
1.276879
1.289789
1.199420
1.344010
1.245896
1.376285
1.364666
1.208457
1.344010
1.092269
1.340137
1.111634
1.377576
1.226531
1.412432
1.296244
1.412432
1.242023
1.378867
1.013519
1.349174
1.115506
1.333683
1.098724
1.368539
1.136162
1.261388
0.876675
1.280752
1.376285
1.214912
1.204584
1.256224
1.291080
1.223949
1.123252
1.257515
1.283334
1.274297
1.284625
1.171019
1.235568
1.253642
1.243314
1.390486
1.323355
1.431797
1.141326
1.418887
0.978662
1.415014
1.288498
1.416305
1.216203
1.242023
1.251060
1.239441
1.405978
1.399523
1.137453
1.266551
0.852146
1.097433
0.410630
1.047084
0.908949
1.010937
1.018683
1.026429
1.075486
1.097433
1.053539
1.214912
1.355629
1.292371
1.263969
1.399523
1.345301
1.373703
1.253642
1.271715
1.376285
1.455035
1.273006
1.535076
1.391777
1.553150
1.307863
1.523457
1.307863
1.478273
1.282043
1.387904
1.243314
1.320773
1.355629
1.269133
1.167146
1.198129
1.314318
1.249769
1.349174
1.283334
1.359502
1.207166
1.191674
1.374994
1.274297
1.422760
1.147781
1.439543
1.182638
1.442125
1.190383
1.422760
1.205875
1.421469
1.296244
1.412432
1.223949
1.413723
0.990281
1.416305
1.229113
1.249769
1.227822
0.883130
1.085814
1.298826
1.385322
1.287207
1.199420
1.265260
1.231695
1.411141
1.202002
1.430506
1.266551
1.430506
1.242023
1.440834
1.231695
1.442125
1.218785
1.444707
1.092269
1.381449
1.287207
1.319482
1.274297
1.294953
1.216203
1.276879
1.132289
1.235568
1.132289
1.248478
1.244605
1.297535
1.208457
1.231695
1.262678
1.275588
1.307863
1.385322
1.189092
1.294953
1.138744
1.263969
1.160691
1.382740
1.207166
1.374994
1.171019
1.288498
1.160691
1.260097
1.273006
1.334974
1.415014
1.415014
1.294953
1.412432
1.171019
1.421469
1.204584
1.425342
1.180056
1.418887
1.220076
1.411141
1.147781
1.344010
1.265260
1.402105
1.301408
1.288498
1.276879
1.261388
1.381449
1.257515
1.249769
1.422760
1.185220
1.409851
1.152945
1.404687
1.271715
1.411141
1.168437
1.408560
1.190383
1.404687
1.235568
1.271715
1.298826
1.242023
1.331101
1.271715
1.306572
1.261388
1.127125
1.208457
1.354338
1.336264
1.217494
1.251060
1.280752
0.948970
1.319482
1.232986
1.220076
1.389195
1.078068
1.403396
1.263969
1.399523
1.227822
1.394359
1.273006
1.389195
1.085814
1.387904
1.167146
1.398232
1.234277
1.253642
1.194256
1.226531
1.412432
1.242023
1.284625
0.994154
1.360793
1.262678
1.177474
1.336264
1.207166
1.398232
1.152945
1.411141
1.398232
1.413723
1.167146
1.429215
1.021265
1.416305
1.439543
1.536367
1.474400
1.741633
1.333683
1.728723
1.553150
1.653846
1.600916
1.513129
1.327228
1.269133
1.165855
0.973498
0.881839
1.120670
0.988990
1.088396
1.098724
1.155527
1.084523
1.177474
1.078068
1.136162
1.110343
1.199420
1.338846
1.196838
1.263969
1.327228
1.204584
1.220076
1.227822
1.127125
1.149072
1.367248
1.217494
1.403396
1.165855
1.417596
1.209748
1.424051
1.146490
1.407269
1.118088
1.404687
1.156818
1.399523
1.266551
1.394359
1.174892
1.402105
1.169728
1.416305
1.199420
1.253642
1.225240
1.276879
1.276879
1.194256
1.234277
1.200711
1.121961
1.256224
1.231695
1.217494
0.828908
1.402105
1.161982
1.408560
1.183929
1.404687
1.232986
1.405978
1.223949
1.403396
1.254933
1.403396
1.103888
1.395650
1.257515
1.226531
1.260097
1.230404
1.205875
1.230404
1.198129
1.238150
1.147781
1.287207
1.140035
1.297535
1.200711
1.359502
1.420178
1.355629
1.257515
1.305281
1.374994
1.342719
0.995445
1.391777
1.207166
1.362084
1.360793
1.355629
1.181347
1.363375
1.151654
1.371121
1.080650
1.384031
1.227822
1.258806
1.417596
1.284625
1.293662
1.303990
1.287207
1.303990
1.267842
1.408560
1.320773
1.453744
1.325937
1.435670
1.240732
1.418887
0.879257
1.422760
1.112924
1.412432
1.279461
1.344010
1.421469
1.218785
1.261388
1.266551
1.284625
1.288498
1.422760
1.273006
1.216203
1.417596
1.301408
1.416305
1.085814
1.407269
1.265260
1.403396
1.396941
1.395650
1.302699
1.396941
1.227822
1.400814
1.254933
1.273006
1.287207
1.251060
1.318191
1.263969
1.431797
1.254933
1.282043
1.035466
1.282043
1.382740
1.282043
1.271715
1.404687
1.261388
1.263969
1.373703
1.211039
1.398232
1.271715
1.399523
1.245896
1.403396
1.269133
1.403396
1.280752
1.181347
1.291080
1.276879
1.271715
1.191674
1.318191
1.191674
1.323355
1.320773
1.283334
1.415014
1.424051
1.387904
1.298826
1.427924
1.337555
1.421469
1.336264
1.418887
1.342719
1.427924
1.289789
1.429215
1.316900
1.424051
1.372412
1.424051
1.354338
1.214912
1.328519
1.258806
1.365957
1.316900
1.314318
1.252351
1.307863
1.111634
1.234277
1.278170
1.248478
1.310445
1.328519
1.420178
1.109052
1.433088
0.666244
1.422760
1.416305
1.415014
1.283334
1.302699
1.430506
1.427924
1.240732
1.430506
1.444707
1.444707
1.384031
1.425342
1.418887
1.415014
1.257515
1.385322
1.235568
1.177474
1.239441
1.211039
1.222658
1.409851
1.223949
1.418887
1.377576
1.417596
1.196838
1.418887
1.093560
1.418887
1.300117
1.398232
1.171019
1.405978
1.351756
1.251060
1.314318
1.386613
1.395650
1.398232
1.089687
1.415014
1.267842
1.385322
1.242023
1.389195
1.041920
1.389195
1.278170
1.391777
1.071613
1.229113
1.267842
1.266551
1.239441
1.256224
1.301408
1.364666
1.332392
0.959298
1.301408
1.247187
1.301408
1.269133
1.417596
1.420178
0.965752
1.427924
1.365957
1.427924
1.178765
1.430506
1.174892
1.415014
1.074195
1.404687
1.327228
1.263969
1.298826
1.261388
1.254933
1.239441
1.280752
1.245896
1.258806
1.245896
1.080650
1.417596
1.345301
1.403396
1.167146
1.381449
1.249769
1.374994
1.271715
1.393068
1.208457
1.251060
1.306572
1.402105
1.066449
1.400814
1.199420
1.403396
1.257515
1.413723
1.418887
1.420178
1.338846
1.420178
0.667535
1.411141
1.418887
1.226531
1.422760
1.324646
1.422760
1.134871
1.439543
1.328519
1.467945
1.296244
1.425342
1.266551
1.442125
1.231695
1.342719
1.096142
1.171019
0.902494
1.030302
0.950261
1.045793
1.066449
1.150363
1.102597
1.248478
0.830199
1.314318
1.327228
1.384031
1.260097
1.434379
1.302699
1.480855
1.359502
1.517002
1.355629
1.546695
1.489891
1.541531
1.374994
1.540240
1.422760
1.522166
1.331101
1.502801
1.354338
1.488600
1.329810
1.465363
1.302699
1.464072
1.263969
1.455035
1.282043
1.402105
1.399523
1.404687
1.274297
1.402105
1.390486
1.402105
1.347883
1.409851
1.363375
1.416305
1.413723
1.422760
1.328519
1.434379
1.434379
1.447289
1.287207
1.443416
1.234277
1.431797
1.240732
1.420178
1.258806
1.405978
1.294953
1.415014
1.222658
1.422760
1.338846
1.421469
1.340137
1.421469
1.214912
1.411141
1.374994
1.402105
1.318191
1.400814
1.288498
1.407269
1.394359
1.408560
1.327228
1.402105
1.344010
1.395650
1.226531
1.404687
1.254933
1.458908
1.413723
1.560895
1.427924
1.705486
1.628027
1.842330
1.328519
1.777781
1.533785
1.618990
1.471818
1.460199
1.003191
1.327228
1.158109
1.305281
1.171019
1.310445
1.287207
1.303990
1.287207
1.316900
1.320773
1.324646
1.253642
1.337555
1.173601
1.342719
1.332392
1.362084
1.376285
1.365957
1.332392
1.311736
1.245896
1.176183
1.143908
1.140035
1.160691
1.189092
1.209748
1.243314
1.285916
1.334974
1.367248
1.399523
1.405978
1.402105
1.399523
1.405978
1.408560
1.417596
1.319482
1.408560
1.177474
1.431797
1.355629
1.433088
1.438252
1.438252
1.433088
1.445998
1.453744
1.457617
1.217494
1.444707
1.256224
1.445998
1.319482
1.478273
1.493764
1.486018
1.483437
1.471818
1.464072
1.455035
1.449871
1.442125
1.434379
1.417596
1.399523
1.386613
1.140035
1.382740
1.314318
1.384031
1.276879
1.399523
1.213621
1.363375
0.868929
1.325937
1.146490
1.356920
1.003191
1.385322
1.208457
1.400814
1.411141
1.418887
1.422760
1.427924
1.431797
1.429215
1.426633
1.415014
1.323355
1.422760
1.242023
1.415014
1.207166
1.407269
1.400814
1.399523
1.391777
1.374994
1.382740
1.399523
1.393068
1.390486
1.408560
1.421469
1.438252
1.430506
1.409851
1.416305
1.416305
1.412432
1.407269
1.416305
1.225240
1.398232
1.354338
1.398232
1.381449
1.400814
1.377576
1.367248
1.373703
1.385322
1.400814
1.408560
1.420178
1.422760
1.422760
1.422760
1.256224
1.447289
1.390486
1.451162
1.451162
1.430506
1.425342
1.420178
1.427924
1.421469
1.418887
1.425342
1.442125
1.426633
1.421469
1.420178
1.239441
1.421469
1.305281
1.417596
1.269133
1.420178
1.341428
1.415014
1.238150
1.404687
1.182638
1.391777
1.263969
1.385322
1.182638
1.387904
1.194256
1.369830
1.276879
1.381449
1.287207
1.385322
1.202002
1.395650
1.261388
1.394359
1.239441
1.412432
1.416305
1.413723
1.409851
1.408560
1.416305
1.420178
1.412432
1.420178
1.418887
1.415014
1.364666
1.409851
1.222658
1.421469
1.231695
1.422760
1.253642
1.422760
1.214912
1.413723
1.329810
1.411141
1.409851
1.415014
1.426633
1.411141
1.415014
1.421469
1.426633
1.413723
1.418887
1.412432
1.412432
1.409851
1.408560
1.412432
1.220076
1.413723
1.216203
1.407269
1.225240
1.372412
1.327228
1.378867
1.291080
1.378867
1.380158
1.390486
1.404687
1.413723
1.202002
1.443416
1.256224
1.455035
1.260097
1.435670
1.221367
1.385322
1.403396
1.399523
1.416305
1.424051
1.364666
1.438252
1.178765
1.355629
1.067740
1.178765
0.760486
1.057412
0.825035
1.103888
1.155527
1.204584
1.262678
1.310445
1.346592
1.362084
1.371121
1.390486
1.404687
1.418887
1.460199
1.479564
1.507965
1.497637
1.440834
1.452453
1.171019
1.399523
1.147781
1.369830
1.169728
1.482146
1.318191
1.575096
1.280752
1.536367
1.467945
1.504092
1.372412
1.474400
0.976080
1.458908
1.242023
1.443416
1.411141
1.434379
1.195547
1.420178
1.154236
1.416305
1.168437
1.417596
1.178765
1.408560
1.149072
1.395650
1.393068
1.391777
1.399523
1.407269
1.420178
1.422760
1.424051
1.412432
1.150363
1.413723
1.145199
1.416305
1.300117
1.403396
1.090978
1.400814
1.137453
1.402105
1.121961
1.395650
1.178765
1.400814
1.415014
1.417596
1.225240
1.456326
1.461490
1.469236
1.473109
1.467945
1.226531
1.458908
1.154236
1.461490
1.173601
1.474400
1.192965
1.447289
1.149072
1.451162
1.430506
1.415014
1.409851
1.404687
1.427924
1.404687
1.408560
1.402105
1.407269
1.403396
1.012228
1.376285
0.999318
1.360793
1.089687
1.340137
1.016101
1.336264
1.053539
1.341428
1.087105
1.252351
0.834072
1.209748
0.894748
1.217494
1.249769
1.291080
1.344010
1.380158
1.418887
1.433088
1.377576
1.232986
1.130998
1.048375
1.013519
1.010937
1.045793
1.081941
1.141326
1.183929
1.222658
1.244605
1.263969
1.275588
1.282043
1.287207
1.300117
1.327228
1.355629
1.381449
1.413723
1.439543
1.473109
1.496346
1.518293
1.524748
1.532494
1.532494
1.538949
1.541531
1.554441
1.558314
1.571223
1.575096
1.578969
1.594461
1.582842
1.573805
1.569932
1.545404
1.560895
1.563477
1.540240
1.560895
1.563477
1.568641
1.500219
1.674502
1.737760
1.764871
1.779072
1.766162
1.764871
1.748088
1.759707
1.731305
1.704195
1.653846
1.613826
1.577678
1.529912
1.487309
1.461490
1.429215
1.389195
1.334974
1.302699
1.254933
1.248478
1.209748
1.202002
1.178765
1.165855
1.102597
1.105179
1.106470
1.124543
1.137453
1.164564
1.185220
1.200711
1.232986
1.254933
1.274297
1.302699
1.303990
1.331101
1.341428
1.360793
1.367248
1.389195
1.417596
1.470527
1.535076
1.640936
1.717104
1.764871
1.754543
1.714522
1.648682
1.597043
1.520875
1.480855
1.425342
1.405978
1.367248
1.331101
1.324646
1.311736
1.285916
1.280752
1.280752
1.289789
1.292371
1.288498
1.320773
1.340137
1.337555
1.356920
1.362084
1.384031
1.390486
1.398232
1.384031
1.416305
1.418887
1.426633
1.429215
1.421469
1.422760
1.426633
1.416305
1.429215
1.415014
1.424051
1.416305
1.420178
1.416305
1.418887
1.417596
1.424051
1.418887
1.425342
1.417596
1.418887
1.391777
1.422760
1.404687
1.417596
1.404687
1.412432
1.399523
1.411141
1.411141
1.413723
1.407269
1.411141
1.403396
1.412432
1.418887
1.416305
1.415014
1.425342
1.411141
1.420178
1.421469
1.424051
1.422760
1.424051
1.418887
1.426633
1.426633
1.435670
1.438252
1.442125
1.426633
1.425342
1.417596
1.420178
1.426633
1.418887
1.403396
1.421469
1.418887
1.422760
1.422760
1.425342
1.418887
1.417596
1.424051
1.412432
1.400814
1.400814
1.391777
1.394359
1.377576
1.393068
1.393068
1.399523
1.395650
1.398232
1.385322
1.393068
1.389195
1.395650
1.418887
1.409851
1.415014
1.424051
1.413723
1.413723
1.415014
1.420178
1.369830
1.418887
1.417596
1.421469
1.424051
1.421469
1.413723
1.422760
1.412432
1.425342
1.418887
1.416305
1.405978
1.424051
1.403396
1.399523
1.389195
1.386613
1.377576
1.385322
1.382740
1.391777
1.387904
1.381449
1.389195
1.390486
1.389195
1.399523
1.405978
1.412432
1.405978
1.422760
1.430506
1.448580
1.449871
1.460199
1.442125
1.436961
1.417596
1.411141
1.421469
1.415014
1.405978
1.413723
1.405978
1.411141
1.415014
1.420178
1.418887
1.420178
1.422760
1.418887
1.418887
1.418887
1.415014
1.424051
1.426633
1.433088
1.430506
1.430506
1.420178
1.404687
1.415014
1.422760
1.416305
1.420178
1.416305
1.422760
1.417596
1.412432
1.403396
1.415014
1.415014
1.418887
1.411141
1.417596
1.409851
1.413723
1.409851
1.417596
1.411141
1.415014
1.412432
1.415014
1.407269
1.402105
1.389195
1.394359
1.378867
1.394359
1.396941
1.402105
1.399523
1.408560
1.407269
1.404687
1.407269
1.409851
1.409851
1.409851
1.403396
1.415014
1.418887
1.425342
1.422760
1.420178
1.405978
1.415014
1.409851
1.415014
1.411141
1.412432
1.409851
1.409851
1.411141
1.415014
1.407269
1.413723
1.412432
1.420178
1.422760
1.424051
1.422760
1.429215
1.430506
1.433088
1.420178
0.910240
1.408560
1.422760
1.405978
1.412432
1.413723
1.395650
1.409851
1.420178
1.400814
1.400814
1.395650
1.400814
1.403396
1.408560
1.398232
1.394359
1.391777
1.403396
1.407269
1.416305
1.418887
1.420178
1.415014
1.415014
1.407269
1.411141
1.402105
1.409851
1.411141
1.418887
1.417596
1.416305
1.413723
1.416305
1.405978
1.417596
1.416305
1.426633
1.425342
1.426633
1.425342
1.431797
1.434379
1.427924
1.422760
1.421469
1.411141
1.415014
1.413723
1.417596
1.413723
1.415014
1.408560
1.412432
1.411141
1.417596
1.415014
1.415014
1.405978
1.411141
1.412432
1.418887
1.418887
1.421469
1.424051
1.426633
1.413723
1.417596
1.413723
1.407269
1.395650
1.407269
1.400814
1.408560
1.411141
1.400814
1.390486
1.393068
1.399523
1.409851
1.415014
1.433088
1.443416
1.445998
1.440834
1.436961
1.424051
1.412432
1.389195
1.378867
1.371121
1.374994
1.374994
1.377576
1.384031
1.381449
1.374994
1.381449
1.385322
1.377576
1.384031
1.405978
1.409851
1.415014
1.415014
1.416305
1.409851
1.409851
1.399523
1.411141
1.416305
1.420178
1.408560
1.420178
1.422760
1.431797
1.425342
1.418887
1.418887
1.420178
1.420178
1.422760
1.417596
1.418887
1.412432
1.409851
1.409851
1.409851
1.404687
1.407269
1.391777
1.362084
1.405978
0.888293
1.412432
1.395650
1.407269
1.408560
1.407269
1.400814
1.407269
1.394359
1.412432
1.235568
1.404687
1.407269
1.411141
1.394359
1.429215
1.386613
1.412432
1.338846
1.398232
1.331101
1.386613
1.365957
1.399523
1.422760
1.445998
0.837945
1.491182
1.469236
1.515711
1.431797
1.501510
1.365957
1.502801
1.480855
1.487309
1.275588
1.466654
1.249769
1.436961
1.381449
1.411141
1.195547
1.391777
1.284625
1.374994
1.369830
1.387904
1.318191
1.371121
1.320773
1.349174
1.247187
1.314318
1.182638
1.301408
1.234277
1.300117
1.300117
1.313027
1.276879
1.334974
1.294953
1.324646
1.242023
1.336264
1.207166
1.356920
1.222658
1.371121
1.325937
1.364666
0.921859
1.359502
1.351756
1.307863
1.209748
1.362084
1.297535
1.364666
1.323355
1.362084
1.351756
1.387904
1.346592
1.429215
1.354338
1.484728
1.400814
1.542822
1.456326
1.578969
1.199420
1.572514
1.505383
1.560895
1.489891
1.487309
1.488600
1.488600
1.429215
1.474400
1.430506
1.470527
1.297535
1.452453
1.380158
1.438252
1.415014
1.435670
1.008355
1.429215
1.429215
1.420178
1.360793
1.408560
1.358211
1.380158
1.196838
1.309154
1.192965
1.292371
1.190383
1.306572
1.285916
1.320773
1.332392
1.345301
1.178765
1.354338
1.248478
1.368539
1.258806
1.369830
1.287207
1.359502
1.301408
1.369830
1.341428
1.373703
1.340137
1.399523
1.301408
1.416305
1.417596
1.433088
1.231695
1.431797
1.305281
1.427924
1.191674
1.429215
1.389195
1.424051
1.399523
1.430506
1.302699
1.424051
1.405978
1.440834
1.431797
1.476982
1.451162
1.498928
1.417596
1.511838
1.408560
1.504092
1.381449
1.506674
1.451162
1.470527
1.382740
1.440834
1.327228
1.387904
0.630097
1.340137
1.319482
1.318191
1.334974
1.371121
1.358211
1.405978
1.385322
1.417596
1.320773
1.359502
1.261388
1.220076
1.238150
1.294953
1.359502
1.420178
1.425342
1.486018
1.323355
1.502801
1.412432
1.497637
1.492473
1.492473
1.448580
1.461490
1.451162
1.442125
1.323355
1.416305
1.323355
1.399523
1.386613
1.398232
1.289789
1.384031
1.227822
1.395650
1.378867
1.395650
1.351756
1.387904
1.238150
1.407269
1.221367
1.404687
1.353047
1.411141
1.302699
1.430506
1.079359
1.434379
1.303990
1.433088
1.266551
1.416305
1.260097
1.407269
1.374994
1.411141
1.289789
1.405978
1.345301
1.399523
1.354338
1.408560
1.112924
1.399523
1.276879
1.391777
1.377576
1.402105
1.257515
1.436961
1.404687
1.415014
1.147781
1.403396
1.253642
1.429215
1.402105
1.407269
1.310445
1.409851
1.320773
1.407269
1.043211
1.409851
1.402105
1.396941
1.079359
1.384031
1.385322
1.382740
1.309154
1.358211
1.140035
1.280752
1.167146
1.226531
1.200711
1.189092
1.039338
1.185220
0.911531
1.234277
1.251060
1.262678
1.168437
1.292371
1.137453
1.320773
1.235568
1.412432
1.471818
1.590588
1.563477
1.857822
1.785526
1.948190
1.758416
1.881059
1.825547
1.766162
1.564768
1.643518
1.418887
1.537658
1.371121
1.455035
1.292371
1.399523
1.275588
1.341428
1.103888
1.315609
1.177474
1.310445
1.149072
1.300117
1.124543
1.309154
1.171019
1.323355
1.187801
1.325937
1.156818
1.337555
1.194256
1.344010
1.172310
1.356920
1.178765
1.362084
1.204584
1.380158
1.256224
1.394359
0.924441
1.324646
1.254933
1.360793
1.271715
1.359502
1.211039
1.377576
1.273006
1.369830
1.235568
1.393068
1.267842
1.394359
1.252351
1.425342
1.236859
1.427924
1.238150
1.424051
1.240732
1.421469
1.303990
1.391777
1.322064
1.416305
1.417596
1.418887
1.279461
1.417596
1.256224
1.412432
1.267842
1.407269
1.381449
1.407269
1.234277
1.408560
1.293662
1.408560
1.213621
1.416305
1.341428
1.418887
1.411141
1.418887
1.332392
1.411141
1.252351
1.418887
1.236859
1.420178
1.245896
1.416305
1.300117
1.424051
1.323355
1.429215
1.306572
1.429215
1.298826
1.424051
1.243314
1.417596
1.235568
1.411141
0.963170
1.422760
1.403396
1.405978
0.915404
1.391777
1.222658
1.387904
1.251060
1.411141
1.398232
1.306572
0.987699
1.408560
1.248478
1.409851
1.230404
1.417596
1.265260
1.409851
1.282043
1.416305
1.196838
1.409851
1.189092
1.407269
1.296244
1.398232
1.225240
1.404687
1.280752
1.409851
1.262678
1.417596
1.400814
1.412432
1.236859
1.408560
1.307863
1.404687
1.394359
1.389195
1.189092
1.407269
1.030302
1.405978
1.260097
1.400814
1.387904
1.411141
1.151654
1.407269
1.209748
1.411141
1.200711
1.415014
1.374994
1.412432
1.287207
1.400814
1.270424
1.396941
1.267842
1.398232
1.183929
1.404687
1.174892
1.411141
1.413723
1.412432
1.258806
1.426633
1.293662
1.418887
1.319482
1.420178
1.270424
1.413723
1.238150
1.411141
1.351756
1.426633
1.207166
1.426633
1.182638
1.433088
1.274297
1.424051
1.344010
1.425342
1.220076
1.421469
1.253642
1.420178
1.378867
1.390486
1.191674
1.300117
1.257515
1.022556
1.216203
1.235568
1.185220
1.376285
1.319482
1.368539
1.331101
1.213621
1.227822
1.251060
1.192965
1.163273
1.172310
1.409851
1.260097
1.425342
1.430506
1.433088
1.247187
1.430506
1.230404
1.429215
1.200711
1.425342
1.367248
1.424051
1.244605
1.430506
1.230404
1.262678
1.360793
1.195547
1.288498
1.183929
0.761777
1.341428
1.300117
1.341428
1.252351
1.319482
1.220076
1.354338
1.231695
1.323355
1.185220
1.390486
1.154236
1.394359
1.235568
1.407269
1.234277
1.409851
1.192965
1.407269
1.232986
1.403396
1.220076
1.416305
1.276879
1.418887
1.134871
1.140035
1.169728
1.270424
1.125834
1.313027
1.192965
1.191674
1.128416
1.365957
1.274297
1.391777
1.234277
1.408560
1.181347
1.418887
1.174892
1.420178
1.316900
1.402105
1.378867
1.430506
1.353047
1.368539
1.214912
1.331101
1.288498
1.364666
1.254933
1.381449
1.251060
1.307863
1.337555
1.284625
1.084523
1.310445
1.253642
1.311736
1.213621
1.300117
1.381449
1.363375
1.239441
1.320773
1.300117
1.333683
1.243314
1.284625
1.293662
1.307863
1.256224
1.358211
1.137453
1.298826
1.347883
1.405978
1.353047
1.429215
1.377576
1.424051
1.363375
1.386613
1.302699
1.254933
1.404687
1.334974
1.204584
1.340137
1.145199
1.294953
1.216203
1.387904
1.207166
1.320773
1.289789
1.063867
1.449871
1.435670
1.146490
1.338846
1.429215
1.381449
1.234277
1.327228
1.191674
1.341428
1.362084
1.377576
1.297535
1.378867
1.302699
1.374994
1.012228
1.387904
1.347883
1.409851
1.229113
1.385322
1.240732
1.398232
1.240732
1.377576
1.310445
1.396941
1.235568
1.402105
1.247187
1.381449
1.212330
1.320773
1.240732
1.408560
1.296244
1.342719
1.340137
1.323355
1.412432
1.279461
1.396941
1.355629
1.386613
1.362084
1.400814
1.395650
1.412432
1.412432
1.415014
1.411141
1.411141
1.399523
1.398232
1.395650
1.391777
1.232986
1.385322
1.202002
1.389195
1.340137
1.399523
1.395650
1.411141
1.403396
1.430506
1.265260
1.413723
1.416305
1.422760
1.422760
1.424051
1.424051
1.421469
1.425342
1.425342
1.381449
1.413723
1.403396
1.407269
1.376285
1.402105
1.345301
1.404687
1.238150
1.396941
1.245896
1.393068
1.209748
1.378867
1.252351
1.377576
1.187801
1.382740
1.324646
1.407269
1.269133
1.416305
1.235568
1.416305
1.391777
1.408560
1.369830
1.391777
1.393068
1.396941
1.404687
1.404687
1.403396
1.411141
1.371121
1.420178
1.333683
1.429215
1.420178
1.427924
1.427924
1.431797
1.429215
1.434379
1.429215
1.439543
1.435670
1.435670
1.443416
1.438252
1.435670
1.431797
1.433088
1.425342
1.409851
1.403396
1.137453
1.390486
1.211039
1.399523
1.167146
1.390486
1.239441
1.403396
1.239441
1.402105
1.331101
1.409851
1.390486
1.408560
1.396941
1.393068
1.402105
1.407269
1.318191
1.396941
1.396941
1.400814
1.409851
1.416305
1.429215
1.431797
1.435670
1.431797
1.430506
1.425342
1.146490
1.407269
1.249769
1.402105
0.867638
1.381449
1.205875
1.409851
1.195547
1.413723
1.328519
1.424051
1.303990
1.425342
1.408560
1.409851
1.405978
1.405978
1.402105
1.400814
1.400814
1.402105
1.404687
1.405978
1.409851
1.421469
1.425342
1.431797
1.427924
1.421469
1.422760
1.422760
1.244605
1.420178
1.216203
1.415014
1.218785
1.398232
1.271715
1.386613
1.262678
1.382740
1.180056
1.368539
1.291080
1.371121
1.181347
1.359502
1.181347
1.377576
1.355629
1.394359
1.216203
1.403396
1.365957
1.416305
1.413723
1.408560
1.409851
1.416305
1.417596
1.417596
1.417596
1.407269
1.265260
1.408560
1.418887
1.415014
1.425342
1.488600
1.541531
1.562186
0.988990
1.520875
1.322064
1.452453
1.247187
1.408560
1.253642
1.362084
1.353047
1.340137
1.332392
1.320773
1.076777
1.342719
1.209748
1.396941
1.256224
1.407269
1.254933
1.393068
1.195547
1.393068
1.235568
1.376285
1.369830
1.363375
1.395650
1.403396
1.412432
1.411141
1.417596
1.424051
1.457617
1.469236
1.461490
1.455035
1.449871
1.438252
1.275588
1.427924
1.279461
1.433088
1.247187
1.469236
1.151654
1.451162
1.439543
1.455035
1.183929
1.417596
1.214912
1.380158
1.368539
1.367248
1.230404
1.378867
1.382740
1.372412
1.378867
1.368539
1.363375
1.333683
1.203293
1.310445
1.156818
1.384031
0.877966
1.411141
1.425342
1.424051
1.418887
1.403396
1.376285
1.340137
1.360793
1.394359
1.451162
1.475691
1.487309
1.478273
1.258806
1.415014
1.449871
1.464072
1.474400
1.470527
1.533785
1.634482
1.704195
1.799727
1.882350
1.832002
1.733887
1.646100
1.603498
1.615117
1.723559
1.834584
1.642227
1.868149
1.673211
1.671920
1.487309
1.444707
1.202002
1.236859
0.920568
1.116797
0.927023
1.067740
0.890875
1.039338
0.896039
1.056121
0.832781
1.090978
0.912822
1.132289
0.999318
1.180056
1.040629
1.225240
1.070322
1.263969
1.227822
1.288498
1.102597
1.318191
1.145199
1.372412
1.178765
1.418887
1.221367
1.447289
0.648171
1.442125
1.134871
1.404687
1.280752
1.372412
1.341428
1.376285
1.384031
1.382740
1.398232
1.391777
1.395650
1.384031
1.399523
1.372412
1.402105
1.393068
1.416305
1.416305
1.411141
1.393068
1.385322
1.373703
1.384031
1.381449
1.390486
1.398232
1.418887
1.415014
1.345301
1.407269
1.220076
1.417596
1.367248
1.469236
1.262678
1.522166
1.323355
1.498928
1.285916
1.458908
1.248478
1.418887
1.282043
1.381449
1.220076
1.371121
1.369830
1.354338
1.350465
1.344010
1.344010
1.344010
1.356920
1.359502
1.181347
1.371121
1.248478
1.368539
1.362084
1.345301
1.353047
1.350465
1.349174
1.325937
1.318191
1.291080
1.316900
1.319482
1.325937
1.340137
1.362084
1.386613
1.426633
1.458908
1.474400
1.470527
1.487309
1.464072
1.457617
1.431797
1.420178
1.405978
1.402105
1.389195
1.377576
1.354338
1.350465
1.336264
1.318191
1.294953
1.284625
1.275588
1.273006
1.269133
1.203293
1.265260
1.174892
1.245896
1.013519
1.262678
1.282043
1.316900
1.356920
1.387904
1.417596
1.436961
1.469236
1.489891
1.318191
1.554441
1.249769
1.575096
1.385322
1.593170
1.612535
1.580260
1.542822
1.475691
1.292371
1.389195
1.112924
1.320773
1.249769
1.316900
1.112924
1.359502
1.186511
1.371121
1.173601
1.474400
1.536367
1.535076
1.527330
1.513129
1.471818
1.404687
1.377576
1.377576
1.407269
1.413723
1.235568
1.436961
1.194256
1.435670
1.128416
1.415014
1.236859
1.402105
1.412432
1.402105
1.393068
1.391777
1.350465
1.368539
1.358211
1.369830
1.171019
1.372412
1.213621
1.384031
1.207166
1.377576
1.107761
1.362084
1.098724
1.265260
1.183929
1.220076
1.239441
1.243314
1.243314
1.234277
1.263969
1.292371
1.333683
1.359502
1.427924
1.488600
1.571223
1.608662
1.621572
1.602207
1.584133
1.544113
1.288498
1.498928
1.234277
1.465363
1.252351
1.444707
1.198129
1.405978
1.213621
1.333683
1.029011
1.260097
1.054830
1.256224
1.230404
1.311736
1.251060
1.367248
1.220076
1.417596
1.236859
1.440834
1.220076
1.455035
1.080650
1.387904
0.861183
1.337555
1.190383
1.340137
1.124543
1.346592
1.147781
1.371121
1.399523
1.420178
1.436961
1.444707
1.448580
1.438252
1.444707
1.440834
1.439543
1.412432
1.160691
1.402105
1.067740
1.412432
1.181347
1.390486
1.389195
1.382740
1.385322
1.393068
1.405978
1.439543
1.456326
1.456326
1.457617
1.431797
1.403396
1.360793
1.340137
1.331101
1.319482
1.303990
0.961880
1.278170
0.810835
1.300117
1.109052
1.318191
1.334974
1.338846
1.346592
1.350465
0.868929
1.350465
1.307863
1.408560
1.207166
1.474400
1.457617
1.438252
1.435670
1.452453
1.474400
1.470527
1.431797
1.434379
1.223949
1.420178
1.167146
1.403396
1.288498
1.396941
1.251060
1.390486
1.372412
1.389195
1.399523
1.385322
1.301408
1.382740
1.291080
1.378867
1.394359
1.411141
1.430506
1.425342
1.445998
1.458908
1.399523
1.458908
1.239441
1.433088
1.427924
1.420178
1.425342
1.403396
1.385322
1.337555
1.258806
1.164564
1.125834
1.111634
1.128416
1.134871
1.185220
1.221367
1.265260
1.298826
1.337555
1.362084
1.161982
1.396941
1.377576
1.443416
0.956716
1.461490
1.267842
1.467945
1.276879
1.502801
1.291080
1.509256
1.318191
1.509256
1.208457
1.492473
1.420178
1.470527
1.287207
1.461490
1.282043
1.426633
1.185220
1.374994
1.106470
1.359502
1.150363
1.318191
0.976080
1.322064
1.120670
1.347883
1.161982
1.408560
1.134871
1.461490
1.284625
1.528621
1.351756
1.535076
1.306572
1.541531
1.351756
1.528621
1.322064
1.497637
1.358211
1.442125
1.424051
1.399523
1.376285
1.342719
1.345301
1.340137
1.365957
1.380158
1.399523
1.404687
1.418887
1.422760
1.280752
1.418887
1.176183
1.413723
1.196838
1.400814
0.999318
1.391777
1.185220
1.402105
1.305281
1.402105
1.349174
1.391777
1.271715
1.384031
1.226531
1.377576
1.287207
1.378867
1.333683
1.373703
1.293662
1.377576
1.177474
1.384031
1.226531
1.390486
1.182638
1.407269
1.212330
1.417596
1.380158
1.421469
1.404687
1.407269
1.411141
1.394359
1.421469
1.422760
1.430506
1.421469
1.422760
1.413723
1.415014
1.409851
1.416305
1.402105
1.407269
1.394359
1.409851
1.400814
1.242023
1.408560
1.213621
1.405978
1.017392
1.415014
1.226531
1.418887
1.194256
1.404687
1.214912
1.385322
1.262678
1.384031
1.382740
1.389195
1.328519
1.387904
1.355629
1.399523
1.405978
1.413723
1.416305
1.404687
1.421469
1.412432
1.421469
1.412432
1.422760
1.416305
1.420178
1.405978
1.090978
1.409851
1.220076
1.412432
1.242023
1.402105
1.254933
1.405978
1.190383
1.403396
1.209748
1.409851
1.203293
1.405978
1.396941
1.409851
1.412432
1.396941
1.404687
1.405978
1.416305
1.418887
1.424051
1.407269
1.205875
1.394359
1.189092
1.394359
1.235568
1.413723
1.242023
1.424051
1.443416
1.451162
1.466654
1.453744
1.451162
1.442125
1.434379
1.436961
1.296244
1.416305
1.230404
1.402105
1.191674
1.412432
1.208457
1.426633
1.444707
1.453744
1.382740
1.452453
1.307863
1.415014
1.229113
1.382740
1.171019
1.385322
1.391777
1.389195
1.407269
1.411141
1.424051
1.418887
1.417596
1.411141
1.411141
1.386613
1.378867
1.362084
1.362084
1.367248
1.372412
1.362084
1.396941
1.417596
1.433088
1.433088
1.447289
1.452453
1.461490
1.476982
1.518293
1.554441
1.368539
1.620281
1.291080
1.586715
1.350465
1.518293
1.338846
1.436961
1.150363
1.368539
1.109052
1.332392
1.129707
1.318191
1.186511
1.372412
1.376285
1.349174
1.325937
1.310445
1.311736
1.325937
1.331101
1.334974
1.338846
1.346592
1.341428
1.359502
1.349174
1.355629
1.358211
1.368539
1.380158
1.386613
1.360793
1.390486
1.109052
1.407269
1.368539
1.424051
1.431797
1.434379
1.439543
1.435670
1.427924
1.426633
1.421469
1.413723
1.404687
1.398232
1.269133
1.407269
1.182638
1.422760
1.198129
1.421469
1.377576
1.422760
1.355629
1.402105
1.395650
1.399523
1.400814
1.407269
1.409851
1.418887
1.422760
1.420178
1.429215
1.420178
1.319482
1.413723
1.252351
1.420178
1.143908
1.421469
1.256224
1.422760
1.180056
1.421469
1.234277
1.435670
1.333683
1.440834
1.436961
1.426633
1.408560
1.402105
1.404687
1.395650
1.395650
1.393068
1.390486
1.387904
1.142617
1.393068
1.180056
1.404687
1.169728
1.424051
1.143908
1.420178
1.047084
1.416305
1.232986
1.440834
1.198129
1.445998
1.283334
1.443416
1.420178
1.424051
1.412432
1.399523
1.398232
1.400814
1.396941
1.396941
1.345301
1.395650
1.358211
1.387904
1.123252
1.386613
1.391777
1.390486
1.384031
1.386613
1.386613
1.387904
1.384031
1.394359
1.399523
1.404687
1.412432
1.404687
1.400814
1.409851
1.351756
1.427924
1.320773
1.435670
1.322064
1.444707
1.363375
1.465363
1.448580
1.464072
1.453744
1.451162
1.440834
1.435670
1.436961
1.426633
1.407269
1.399523
1.345301
1.402105
1.371121
1.407269
1.167146
1.409851
1.260097
1.400814
1.280752
1.386613
1.372412
1.382740
1.373703
1.398232
1.354338
1.408560
1.402105
1.418887
1.289789
1.427924
1.257515
1.421469
1.200711
1.415014
1.218785
1.424051
1.234277
1.420178
1.214912
1.439543
1.161982
1.447289
1.322064
1.448580
1.307863
1.431797
1.258806
1.412432
1.341428
1.399523
1.345301
1.369830
1.350465
1.364666
1.240732
1.373703
1.118088
1.396941
1.229113
1.436961
1.425342
1.442125
1.421469
1.440834
1.409851
1.429215
1.387904
1.417596
1.394359
1.411141
1.315609
1.395650
1.324646
1.396941
1.258806
1.395650
1.238150
1.417596
1.278170
1.416305
1.363375
1.411141
1.288498
1.425342
1.249769
1.453744
1.196838
1.455035
1.204584
1.442125
1.416305
1.435670
1.240732
1.411141
1.047084
1.396941
1.138744
1.385322
1.163273
1.395650
1.149072
1.399523
1.262678
1.378867
1.280752
1.368539
1.323355
1.380158
1.351756
1.407269
1.415014
1.421469
1.341428
1.435670
1.181347
1.426633
1.377576
1.417596
1.385322
1.409851
1.287207
1.412432
1.303990
1.411141
1.222658
1.405978
1.407269
1.422760
1.333683
1.422760
1.404687
1.418887
1.386613
1.402105
1.407269
1.416305
1.381449
1.420178
1.351756
1.431797
1.176183
1.429215
1.425342
1.429215
1.422760
1.416305
1.320773
1.416305
1.256224
1.415014
1.393068
1.402105
1.412432
1.420178
1.426633
1.430506
1.426633
1.421469
1.424051
1.427924
1.426633
1.412432
1.141326
1.395650
1.114215
1.377576
0.845691
1.378867
1.090978
1.396941
1.129707
1.400814
1.289789
1.280752
1.236859
1.229113
0.948970
1.316900
1.380158
1.471818
1.550568
1.597043
1.598334
1.541531
1.514420
1.483437
1.466654
1.438252
1.331101
1.408560
1.128416
1.376285
1.283334
1.327228
1.048375
1.305281
1.085814
1.315609
1.030302
1.377576
1.158109
1.457617
1.377576
1.501510
1.377576
1.622863
1.376285
1.630609
1.332392
1.546695
1.191674
1.424051
1.318191
1.337555
0.841818
1.327228
0.985117
1.328519
1.012228
1.340137
0.934769
1.349174
1.021265
1.364666
0.994154
1.376285
1.116797
1.390486
1.097433
1.364666
1.303990
1.378867
1.407269
1.418887
1.421469
1.381449
1.369830
1.353047
1.344010
1.329810
1.338846
1.344010
1.376285
1.393068
1.434379
1.435670
1.447289
1.439543
1.443416
1.435670
1.444707
1.444707
1.453744
1.448580
1.444707
1.439543
1.440834
1.439543
1.440834
1.442125
1.440834
1.442125
1.462781
1.504092
1.555732
1.568641
1.315609
1.563477
1.216203
1.435670
1.225240
1.303990
0.967043
1.270424
0.938642
1.280752
0.522945
1.314318
0.741121
1.363375
0.963170
1.364666
1.211039
1.394359
1.402105
1.396941
1.393068
1.400814
1.399523
1.394359
1.402105
1.390486
1.426633
1.458908
1.513129
1.523457
1.359502
1.518293
1.511838
1.483437
1.369830
1.223949
1.136162
1.054830
0.643007
0.933478
0.533273
0.954134
0.759195
1.101306
1.012228
1.296244
0.924441
1.408560
1.180056
1.498928
1.221367
1.553150
1.266551
1.582842
1.257515
1.602207
1.424051
1.589297
1.427924
1.584133
1.488600
1.569932
1.504092
1.528621
1.510547
1.489891
1.482146
1.462781
1.460199
1.447289
1.447289
1.412432
1.433088
1.420178
1.137453
1.393068
1.009646
1.363375
1.004482
1.364666
1.225240
1.351756
1.341428
1.322064
1.331101
1.350465
1.380158
1.373703
1.382740
1.390486
1.409851
1.412432
1.424051
1.421469
1.344010
1.413723
1.412432
1.439543
1.385322
1.433088
1.207166
1.422760
1.230404
1.422760
1.356920
1.422760
1.430506
1.439543
1.434379
1.422760
1.328519
1.408560
1.327228
1.403396
1.430506
1.464072
1.274297
1.475691
1.409851
1.478273
1.208457
1.461490
1.464072
1.451162
1.456326
1.444707
1.457617
1.445998
1.460199
1.436961
1.438252
1.416305
1.418887
1.403396
1.393068
1.378867
1.380158
1.377576
1.390486
1.391777
1.408560
1.404687
1.424051
1.418887
1.435670
1.443416
1.464072
1.466654
1.476982
1.487309
1.501510
1.489891
1.480855
1.466654
1.455035
1.431797
1.431797
1.408560
1.404687
1.386613
1.374994
1.382740
1.358211
1.354338
1.387904
1.369830
1.385322
1.382740
1.396941
1.403396
1.436961
1.443416
1.453744
1.433088
1.404687
1.377576
1.363375
1.341428
1.328519
1.314318
1.318191
1.300117
1.297535
1.270424
1.273006
1.285916
1.323355
1.359502
1.402105
1.418887
1.451162
1.466654
1.465363
1.460199
1.465363
1.465363
1.458908
1.444707
1.464072
1.452453
1.461490
1.456326
1.460199
1.452453
1.453744
1.442125
1.422760
1.412432
1.435670
1.444707
1.452453
1.449871
1.475691
1.476982
1.480855
1.469236
1.488600
1.467945
1.479564
1.444707
1.431797
1.408560
1.398232
1.395650
1.400814
1.382740
1.385322
1.378867
1.398232
1.381449
1.391777
1.391777
1.398232
1.389195
1.396941
1.394359
1.408560
1.416305
1.448580
1.458908
1.460199
1.456326
1.448580
1.433088
1.429215
1.412432
1.390486
1.365957
1.378867
1.364666
1.369830
1.363375
1.373703
1.368539
1.377576
1.356920
1.399523
1.394359
1.387904
1.381449
1.377576
1.369830
1.384031
1.374994
1.384031
1.364666
1.378867
1.378867
1.408560
1.416305
1.421469
1.418887
1.422760
1.421469
1.404687
1.389195
1.394359
1.376285
1.385322
1.390486
1.396941
1.434379
1.436961
1.443416
1.427924
1.390486
1.390486
1.417596
1.462781
1.495055
1.526039
1.479564
1.433088
1.386613
1.364666
1.313027
1.314318
1.273006
1.280752
1.282043
1.316900
1.336264
1.405978
1.465363
1.537658
1.593170
1.671920
1.741633
1.816510
1.870731
1.888805
1.909461
1.910752
1.852658
1.842330
1.846203
1.841039
1.828129
1.819092
1.810055
1.807473
1.775199
1.732596
3.732328
3.725873
3.864009
3.736201
3.887246
3.818824
3.745238
3.698763
3.731037
3.785259
3.768476
3.762021
3.804623
3.885955
3.630341
3.763312
3.888537
3.733619
3.866591
3.693599
3.818824
3.662615
3.751693
3.763312
3.488333
3.465095
3.217226
3.017124
2.680177
2.254153
1.896551
1.669338
1.186511
0.836654
0.331880
0.005261
0.037536
-0.002485
0.005261
0.003970
-0.048960
-0.076071
-0.048960
0.034954
0.001388
-0.117382
-0.007648
0.007843
0.005261
0.091757
-0.003776
-0.030886
0.016880
0.002679
-0.016685
-0.005067
-0.144493
0.054319
-0.017976
0.013007
0.037536
0.003970
0.002679
-0.064452
-0.003776
0.006552
0.003970
-0.050251
0.005261
0.003970
0.001388
-0.001194
0.010425
-0.237443
-0.020558
0.040118
-0.002485
-0.002485
0.009134
0.055610
-0.001194
0.139524
0.009134
0.020753
0.002679
0.000097
0.018171
-0.045087
0.013007
0.036245
-0.007648
-0.039923
0.025917
0.023335
-0.001194
0.001388
0.005261
-0.039923
-0.003776
-0.003776
0.037536
3.879500
3.643251
3.716837
3.741365
3.746529
3.741365
3.670361
3.827861
3.705218
3.831734
3.079091
1.205875
0.003970
-0.107054
0.020753
0.002679
0.003970
0.001388
0.042700
-0.007648
-0.029595
-0.028304
0.006552
0.260876
3.804623
3.703927
3.709091
3.769767
3.791714
3.771058
3.765894
3.885955
3.710382
3.866591
3.826570
3.765894
2.558825
0.222146
0.003970
0.022044
0.060774
-0.006358
0.024626
-0.001194
0.067228
0.005261
-0.017976
0.001388
0.670117
2.731817
3.723292
3.826570
3.852390
3.883373
3.887246
3.852390
3.833025
3.736201
3.290812
2.454256
1.781654
1.176183
0.266040
-0.008939
-0.008939
-0.006358
-0.056706
0.010425
0.019462
-0.014103
0.298314
0.830199
1.436961
1.856531
2.021776
2.061797
2.158620
2.158620
2.101817
1.855240
1.724850
1.460199
1.191674
0.694646
0.272495
0.014298
0.005261
0.006552
0.005261
0.005261
0.143396
0.056901
0.053028
0.155015
0.349954
0.688191
1.134871
1.473109
1.879768
1.953354
2.075998
1.971428
1.955936
1.786817
1.741633
1.668047
1.515711
1.226531
0.907658
0.600404
0.244093
0.006552
-0.003776
0.010425
0.031081
0.024626
0.080138
0.231183
0.450650
0.649462
0.929605
1.220076
1.526039
1.557023
1.649973
1.749379
1.901715
1.841039
1.768744
1.741633
1.726141
1.700322
1.807473
2.088907
2.538169
3.058435
3.643251
3.847226
3.813660
3.834316
3.867882
3.845935
3.759439
3.666488
3.829152
3.666488
3.814951
3.746529
3.858845
3.820115
3.825279
3.830443
3.834316
3.790423
3.763312
3.776222
3.751693
3.696181
3.693599
3.097165
2.038559
1.146490
0.202782
-0.007648
0.007843
0.003970
0.027208
-0.055415
-0.002485
0.020753
0.013007
0.011716
0.041409
-0.061870
-0.188386
0.040118
0.036245
-0.025722
-0.007648
-0.072198
0.015589
0.013007
0.009134
-0.002485
0.038827
-0.016685
0.011716
0.317679
0.920568
1.824256
2.681468
2.969358
2.964194
3.027452
3.257247
3.572247
3.789132
3.756857
3.669070
3.804623
3.723292
3.781386
3.874336
3.891119
3.782677
3.799460
3.836898
3.785259
3.780095
3.638087
3.783968
3.755566
3.805914
3.645833
3.718128
3.751693
3.793005
3.675525
3.808496
3.697472
3.758148
3.750402
3.657451
3.643251
3.718128
3.577410
3.379890
3.447021
3.462513
3.244337
3.040362
3.045526
3.050690
2.805403
2.419399
2.221879
2.168948
2.198641
2.287719
2.318702
2.295465
2.279973
2.410362
2.508477
2.672432
2.748600
2.907390
3.281775
3.767185
3.728455
3.793005
3.831734
3.743947
3.772349
3.803332
3.652287
3.849808
3.820115
3.711673
3.805914
3.879500
3.727164
3.758148
3.661324
2.962903
2.381960
1.528621
0.009134
0.016880
-0.094144
-0.025722
0.049155
0.010425
-0.001194
0.000097
0.016880
-0.011521
0.003970
0.023335
-0.065743
-0.003776
0.001388
0.002679
0.000097
-0.052833
-0.003776
0.002679
0.013007
-0.023140
0.006552
0.005261
0.024626
-0.061870
0.000097
0.095630
-0.069616
-0.023140
0.018171
0.013007
0.032372
0.108540
0.320261
0.546183
0.846982
1.097433
1.282043
1.575096
1.704195
1.853949
1.775199
1.786817
1.749379
1.689994
1.728723
1.693867
1.768744
1.789399
1.945608
1.963682
1.999830
2.065670
2.039850
2.066961
1.932699
2.032104
1.958518
1.860403
1.821674
1.846203
1.758416
1.602207
1.492473
1.367248
1.118088
1.123252
1.023847
1.040629
1.022556
1.019974
0.970916
0.917986
0.849564
0.849564
0.790179
0.695937
0.605568
0.680445
0.573294
0.559093
0.470015
0.543601
0.522945
0.578458
0.583622
0.739830
0.566839
0.710138
0.662372
0.703683
0.792761
0.920568
1.058703
1.189092
1.303990
1.351756
1.483437
1.609953
1.720977
1.844912
1.932699
1.941735
1.860403
1.901715
1.821674
1.753252
1.717104
1.316900
0.188581
0.180835
0.812126
1.576387
2.099235
2.227043
2.091489
1.921080
1.700322
1.387904
1.149072
1.114215
1.062576
1.032884
1.026429
0.879257
0.839236
0.721757
0.610732
0.756613
0.734667
0.773396
0.967043
1.275588
1.651264
2.008866
2.038559
2.212842
2.227043
2.224461
2.118600
1.198129
0.005261
-0.039923
-0.090271
-0.014103
0.006552
0.002679
-0.029595
-0.014103
0.002679
0.081429
0.027208
0.979953
2.698251
3.710382
3.800750
3.764603
3.874336
3.703927
3.847226
3.654869
3.816242
3.707800
3.768476
3.728455
3.768476
3.888537
3.696181
3.749111
3.772349
3.787841
3.783968
3.804623
3.840771
3.848517
3.860136
3.803332
3.764603
3.705218
3.676816
3.660033
3.737492
3.856263
3.857554
3.839480
3.793005
3.707800
3.042944
2.278682
1.704195
1.311736
0.748867
0.136942
0.006552
-0.003776
0.015589
0.005261
0.000097
-0.001194
0.005261
0.277659
0.683027
1.094851
1.595752
1.757125
1.669338
1.497637
1.305281
0.959298
0.166634
-0.068325
-0.011521
0.006552
-0.015394
-0.008939
0.011716
-0.006358
0.009134
0.121450
-0.038632
0.049155
0.338335
1.137453
2.165075
2.891899
3.152677
3.391509
3.626468
3.687144
3.807205
3.716837
3.848517
3.700054
3.786550
3.858845
3.829152
3.679398
3.769767
3.833025
3.852390
3.864009
3.856263
3.794296
3.758148
3.718128
3.705218
3.745238
3.812369
3.858845
3.821406
3.706509
3.787841
3.672943
3.796878
3.653578
3.795587
3.747820
3.697472
3.598066
3.341161
3.018415
2.700833
2.494276
2.318702
2.378088
2.242534
2.148293
1.975301
1.860403
1.675793
1.529912
1.287207
1.202002
0.942515
0.715302
0.521654
0.280241
0.219564
-0.027013
-0.036050
0.003970
-0.033468
0.133069
0.002679
-0.052833
0.006552
0.129196
0.404175
0.730794
0.936060
1.121961
1.269133
1.186511
1.261388
1.384031
1.457617
1.615117
1.777781
2.008866
2.163784
2.097944
2.207678
2.258026
2.285137
2.206387
2.365178
2.518805
2.584645
2.604010
2.627247
2.341940
2.684050
2.584645
2.597555
2.371633
2.478784
2.421981
2.414235
2.258026
2.223170
2.145711
2.054051
1.407269
1.624154
1.389195
0.894748
0.881839
0.632679
0.599113
0.592658
0.628806
0.621060
0.783724
0.854728
0.930896
1.186511
1.337555
1.493764
1.493764
1.620281
1.586715
1.589297
1.456326
1.666756
1.660301
1.604789
1.608662
1.704195
1.602207
1.675793
1.132289
1.723559
1.458908
1.722268
1.622863
1.821674
1.424051
1.753252
1.532494
1.687412
1.439543
1.553150
1.123252
1.373703
1.146490
1.473109
0.755322
1.235568
0.708847
1.172310
1.216203
1.200711
1.054830
1.367248
0.955425
1.647391
1.351756
1.744215
1.390486
1.730014
1.763580
1.751961
1.362084
1.656428
1.433088
1.652555
1.520875
1.687412
1.251060
1.507965
1.100015
1.480855
1.491182
1.517002
1.334974
1.593170
1.275588
1.597043
1.538949
1.518293
1.284625
1.387904
1.465363
1.634482
1.523457
1.478273
1.544113
1.612535
1.504092
1.569932
1.436961
1.493764
1.513129
1.518293
1.531203
1.549277
1.491182
1.602207
1.486018
1.689994
1.546695
1.560895
1.515711
1.638354
1.536367
1.692576
1.550568
1.569932
1.314318
1.491182
1.365957
1.377576
1.424051
1.364666
1.346592
1.424051
1.173601
1.353047
1.147781
1.316900
1.039338
1.464072
1.093560
1.415014
1.229113
1.604789
1.628027
1.573805
1.260097
1.510547
1.202002
1.564768
1.275588
1.536367
1.240732
1.547986
1.164564
1.451162
1.315609
1.440834
1.531203
1.518293
1.349174
1.449871
1.156818
1.360793
1.216203
1.269133
1.182638
1.156818
1.194256
1.123252
1.132289
1.168437
1.247187
1.235568
1.275588
1.404687
1.478273
1.458908
1.506674
1.444707
1.444707
1.310445
1.242023
1.279461
1.291080
1.244605
1.216203
1.316900
1.327228
1.356920
1.385322
1.387904
1.476982
1.420178
1.447289
1.569932
1.555732
1.589297
1.594461
1.536367
1.515711
1.568641
1.510547
1.630609
1.671920
1.700322
1.634482
1.474400
1.227822
1.296244
1.324646
1.421469
1.380158
1.456326
1.519584
1.527330
1.469236
1.453744
1.416305
1.249769
1.181347
1.200711
1.136162
1.114215
1.088396
1.112924
1.182638
1.133580
1.132289
1.133580
1.198129
1.267842
1.302699
1.356920
1.235568
1.301408
0.972207
1.256224
0.970916
1.265260
0.923150
1.274297
1.041920
1.438252
1.261388
1.575096
1.173601
1.625445
1.434379
1.615117
1.403396
1.608662
1.284625
1.531203
1.190383
1.417596
1.367248
1.431797
1.449871
1.475691
1.143908
1.359502
1.334974
1.420178
1.285916
1.422760
1.469236
1.537658
1.440834
1.464072
1.483437
1.520875
1.518293
1.553150
1.462781
1.444707
1.344010
1.291080
1.271715
1.324646
1.274297
1.329810
1.289789
1.289789
1.407269
1.443416
1.355629
1.247187
1.316900
1.283334
1.280752
1.296244
1.209748
1.329810
1.226531
1.297535
1.235568
1.320773
1.229113
1.305281
1.284625
1.417596
1.386613
1.469236
1.391777
1.248478
1.297535
1.254933
1.359502
1.323355
1.273006
1.202002
1.247187
1.248478
1.294953
1.420178
1.248478
1.396941
1.192965
1.566059
1.442125
1.578969
1.430506
1.465363
1.223949
1.364666
1.232986
1.368539
1.247187
1.448580
1.074195
1.305281
1.331101
1.322064
1.258806
1.328519
1.244605
1.198129
1.094851
1.085814
1.134871
1.236859
1.119379
1.145199
1.049666
1.147781
1.185220
1.320773
1.189092
1.360793
1.399523
1.309154
1.345301
1.362084
1.391777
1.385322
1.404687
1.359502
1.422760
1.524748
1.465363
1.429215
1.476982
1.549277
1.489891
1.532494
1.426633
1.495055
1.429215
1.426633
1.355629
1.391777
1.373703
1.471818
1.355629
1.542822
1.400814
1.502801
1.391777
1.433088
1.466654
1.422760
1.390486
1.443416
1.260097
1.531203
1.284625
1.553150
1.504092
1.593170
1.447289
1.402105
1.344010
1.280752
1.324646
1.283334
1.247187
1.360793
1.344010
1.615117
1.386613
1.549277
1.346592
1.531203
1.495055
1.507965
1.373703
1.367248
1.310445
1.372412
1.327228
1.284625
1.253642
1.189092
1.218785
1.196838
1.216203
1.239441
1.316900
1.350465
1.280752
1.254933
1.269133
1.469236
1.435670
1.506674
1.303990
1.581551
1.514420
1.600916
1.567350
1.664174
1.549277
1.611244
1.415014
1.470527
1.421469
1.413723
1.298826
1.333683
1.258806
1.247187
1.287207
1.297535
1.100015
1.185220
1.172310
1.200711
1.093560
1.269133
1.208457
1.273006
1.358211
1.422760
1.243314
1.523457
1.356920
1.475691
1.442125
1.425342
1.293662
1.276879
1.143908
1.208457
1.254933
1.202002
1.223949
1.276879
1.273006
1.412432
1.196838
1.282043
1.274297
1.239441
1.309154
1.303990
1.367248
1.434379
1.378867
1.421469
1.505383
1.526039
1.536367
1.585424
1.564768
1.733887
1.683539
1.892678
1.718395
1.789399
1.708068
1.874604
1.773908
1.804891
1.582842
1.770035
1.731305
1.759707
1.631900
1.798436
1.624154
1.754543
1.607371
1.750670
1.492473
1.630609
1.393068
1.435670
1.076777
1.230404
1.133580
1.242023
1.092269
1.247187
1.088396
1.285916
1.309154
1.405978
1.213621
1.227822
1.083232
1.025138
1.132289
1.235568
1.344010
1.505383
1.482146
1.526039
1.580260
1.655137
1.555732
1.865567
1.788108
1.988211
1.994666
2.128928
1.908170
2.010157
1.754543
1.852658
1.794563
1.767453
2.072125
3.813660
3.508988
3.826570
3.235300
3.851099
3.572247
2.811858
0.149851
-0.036050
0.007843
0.006552
0.005261
0.011716
0.006552
0.010425
0.007843
0.040118
0.272495
0.938642
1.517002
2.043723
2.038559
2.131510
1.997248
2.112145
1.731305
1.618990
1.495055
1.199420
0.831490
0.433868
-0.005067
-0.003776
0.001388
0.000097
0.005261
0.009134
-0.076071
0.007843
0.010425
-0.121255
0.014298
0.219564
0.520363
0.747576
0.995445
1.032884
0.790179
0.013007
-0.001194
0.272495
1.590588
2.357432
1.333683
0.970916
0.653335
0.865056
0.404175
0.000097
-0.003776
0.007843
-0.059288
0.024626
-0.002485
0.482925
2.733108
3.791714
3.471550
3.878209
3.634214
3.760730
3.653578
3.703927
3.492206
3.879500
3.607103
3.808496
3.635505
0.636552
0.000097
-0.061870
0.003970
0.007843
0.964461
3.666488
3.715546
3.647124
3.756857
3.527062
2.922882
1.652555
0.007843
0.025917
-0.006358
0.020753
0.010425
0.005261
0.754031
3.778804
3.561919
3.820115
3.672943
3.650996
3.066181
2.137965
0.872802
-0.024431
0.005261
0.005261
0.006552
0.009134
-0.001194
0.007843
0.006552
-0.001194
0.005261
0.054319
0.108540
-0.056706
0.043991
0.002679
-0.015394
0.005261
0.011716
-0.023140
0.001388
0.013007
0.006552
0.007843
0.010425
0.027208
0.912822
3.687144
3.558046
3.858845
3.422493
3.754275
3.647124
3.802041
3.737492
3.891119
3.771058
3.814951
3.533517
3.813660
3.618722
3.814951
3.737492
3.844644
3.626468
3.684562
3.474132
3.443148
3.441857
3.174624
3.320505
3.213353
2.917718
2.760218
2.296756
1.852658
1.713231
1.125834
0.876675
0.346081
0.086593
0.011716
0.005261
0.013007
0.006552
0.011716
0.005261
-0.081235
-0.020558
0.011716
-0.014103
0.013007
0.006552
0.013007
0.002679
0.013007
0.009134
0.000097
0.065938
0.184708
0.734667
0.476470
